469 0.77578125 0.18203125 0.0453125 0.0203125
469 0.8890625 0.20703125 0.04140625 0.01796875
469 0.45859375 0.26796875 0.03671875 0.01796875
469 0.7296875 0.6875 0.03671875 0.01640625
469 0.8046875 0.7140625 0.03671875 0.01640625
469 0.17890625 0.81953125 0.0515625 0.03203125
469 0.1828125 0.85625 0.0515625 0.0328125
469 0.18828125 0.89140625 0.053125 0.03046875
469 0.1921875 0.92421875 0.0484375 0.0296875
469 0.1984375 0.95703125 0.05 0.0296875
469 0.7015625 0.7359375 0.03671875 0.01796875
469 0.775 0.7625 0.03359375 0.0203125