630 0.30859375 0.2734375 0.10078125 0.0421875
631 0.30859375 0.196875 0.08515625 0.11875
631 0.1765625 0.8890625 0.02734375 0.08046875
631 0.13203125 0.83203125 0.01875 0.0765625
631 0.0875 0.77265625 0.01484375 0.0640625
631 0.05234375 0.72734375 0.0140625 0.05625
631 0.021875 0.69296875 0.0109375 0.05234375
631 0.9015625 0.43203125 0.00625 0.009375
631 0.92109375 0.43046875 0.00625 0.009375
631 0.959375 0.42890625 0.00703125 0.009375
631 0.978125 0.428125 0.00546875 0.00703125
631 0.99453125 0.42734375 0.00546875 0.01015625