358 0.09296875 0.29140625 0.1 0.28359375
358 0.02265625 0.23359375 0.02109375 0.15390625
357 0.0578125 0.14453125 0.034375 0.03515625
357 0.26171875 0.1140625 0.01171875 0.03515625
357 0.01640625 0.12421875 0.009375 0.025
358 0.0828125 0.07109375 0.02578125 0.02734375
357 0.3953125 0.21015625 0.10703125 0.10703125
357 0.64140625 0.19921875 0.11484375 0.1140625
357 0.81875 0.14296875 0.08515625 0.08671875
358 0.75625 0.17265625 0.01171875 0.096875
358 0.87265625 0.47890625 0.1796875 0.5546875
357 0.84453125 0.05078125 0.040625 0.02265625