638 0.48203125 0.06640625 0.35703125 0.109375
638 0.978125 0.56953125 0.03125 0.0546875
638 0.921875 0.54140625 0.0203125 0.021875
638 0.43203125 0.47109375 0.07734375 0.0546875
638 0.1453125 0.609375 0.01640625 0.02578125
638 0.03671875 0.5328125 0.0171875 0.0234375
638 0.47109375 0.68515625 0.0234375 0.02734375
638 0.07265625 0.5375 0.01015625 0.0234375
638 0.59609375 0.56875 0.0109375 0.01875
638 0.55078125 0.5484375 0.01015625 0.015625
638 0.48125 0.88828125 0.0125 0.01015625
638 0.15625 0.60859375 0.00546875 0.02421875
638 0.8703125 0.5421875 0.0125 0.021875
638 0.4828125 0.52109375 0.01171875 0.01328125
638 0.34140625 0.5203125 0.0078125 0.01171875
638 0.41640625 0.52109375 0.01640625 0.015625