382 0.5421875 0.853125 0.08515625 0.06328125
184 0.334375 0.1671875 0.078125 0.10390625
406 0.4234375 0.14296875 0.11328125 0.05546875
359 0.534375 0.146875 0.0984375 0.1
480 0.61796875 0.19140625 0.06328125 0.115625
216 0.70390625 0.15234375 0.0984375 0.08203125
343 0.80546875 0.1953125 0.0984375 0.115625
459 0.13828125 0.28984375 0.1203125 0.059375
588 0.159375 0.3640625 0.11171875 0.04453125
313 0.25234375 0.3046875 0.075 0.13359375
154 0.153125 0.471875 0.08359375 0.14140625
663 0.06328125 0.5375 0.08671875 0.06328125
523 0.084375 0.64296875 0.08515625 0.11171875
556 0.128125 0.72890625 0.0796875 0.11875
521 0.19765625 0.81015625 0.0953125 0.08203125
280 0.30859375 0.825 0.10703125 0.0890625
185 0.4296875 0.8546875 0.11328125 0.05234375
246 0.21953125 0.69296875 0.08203125 0.12265625
374 0.1796875 0.5875 0.1 0.10390625
349 0.23984375 0.43828125 0.0796875 0.0890625
438 0.3359375 0.3046875 0.08203125 0.11875
192 0.42109375 0.25625 0.08515625 0.11875
416 0.51640625 0.23984375 0.1 0.06328125
424 0.5109375 0.3640625 0.071875 0.14140625
434 0.4265625 0.38125 0.0796875 0.1
686 0.3328125 0.41484375 0.0953125 0.08515625
652 0.3140625 0.6 0.13515625 0.05546875
450 0.3875 0.76953125 0.125 0.07421875
512 0.32578125 0.71015625 0.11484375 0.13359375
506 0.403125 0.509375 0.09296875 0.11875
486 0.44140625 0.6390625 0.0734375 0.15625
403 0.5140625 0.62421875 0.0484375 0.1484375
548 0.5859375 0.65234375 0.06484375 0.1453125
661 0.65703125 0.84375 0.11640625 0.07421875
465 0.76328125 0.8140625 0.0796875 0.096875
713 0.84453125 0.75859375 0.078125 0.15625
131 0.6890625 0.62109375 0.1015625 0.11171875
345 0.615625 0.52265625 0.11171875 0.09296875
484 0.6359375 0.4328125 0.1015625 0.1
629 0.7171875 0.5015625 0.075 0.10390625
28 0.85234375 0.60234375 0.071875 0.11875
615 0.92109375 0.66328125 0.078125 0.13046875
149 0.77890625 0.678125 0.071875 0.1375
202 0.69921875 0.73046875 0.078125 0.12265625
179 0.50078125 0.76015625 0.0953125 0.08515625
206 0.659375 0.32890625 0.09140625 0.115625
376 0.50546875 0.49453125 0.0984375 0.08203125
515 0.92890625 0.371875 0.071875 0.11875
653 0.9359375 0.5078125 0.1015625 0.12265625
399 0.84921875 0.43828125 0.075 0.15625
288 0.73359375 0.36640625 0.0703125 0.1453125
169 0.809375 0.303125 0.075 0.1078125
646 0.70234375 0.23203125 0.0953125 0.0703125
371 0.2921875 0.51640625 0.11171875 0.07421875
1 0.78359375 0.48515625 0.05 0.18203125
136 0.903125 0.27109375 0.10703125 0.11171875
522 0.165625 0.22109375 0.11796875 0.0484375
448 0.59609375 0.32890625 0.075 0.1375
599 0.06953125 0.4125 0.0484375 0.13359375