677 0.54609375 0.56953125 0.0265625 0.06171875
675 0.57421875 0.58203125 0.02421875 0.059375
675 0.45390625 0.57109375 0.0203125 0.0578125
677 0.43046875 0.58359375 0.0203125 0.05546875
675 0.46171875 0.7828125 0.034375 0.1
677 0.5359375 0.784375 0.0390625 0.1
675 0.4078125 0.796875 0.0171875 0.040625
675 0.61015625 0.8015625 0.015625 0.04609375
677 0.52734375 0.68359375 0.02421875 0.059375
675 0.46875 0.6828125 0.02265625 0.06171875
675 0.784375 0.8890625 0.0140625 0.040625
677 0.6328125 0.8265625 0.01171875 0.0265625