499 0.0359375 0.084375 0.05625 0.05625
500 0.12734375 0.08515625 0.1140625 0.0421875
268 0.09765625 0.25234375 0.115625 0.0796875
664 0.09609375 0.421875 0.1796875 0.06015625
529 0.096875 0.5890625 0.121875 0.09765625
220 0.60078125 0.37421875 0.078125 0.0359375
220 0.84296875 0.39609375 0.09765625 0.03984375
657 0.47265625 0.278125 0.10625 0.0359375
223 0.734375 0.27734375 0.13203125 0.03828125
703 0.31328125 0.2640625 0.11015625 0.08828125
529 0.58203125 0.6296875 0.115625 0.0640625
664 0.396875 0.359375 0.07421875 0.02578125
499 0.64765625 0.12890625 0.0796875 0.06171875
499 0.86171875 0.1296875 0.11171875 0.06015625
499 0.425 0.1359375 0.078125 0.04765625
619 0.60625 0.2046875 0.07578125 0.05390625
529 0.4453125 0.63828125 0.04609375 0.04765625
273 0.0953125 0.7640625 0.08203125 0.0921875
273 0.2859375 0.78515625 0.04375 0.05
273 0.371875 0.746875 0.04375 0.05
273 0.47109375 0.7390625 0.02578125 0.034375
273 0.64609375 0.77109375 0.04375 0.05
273 0.74375 0.75390625 0.0359375 0.04375
273 0.93515625 0.7796875 0.0703125 0.0796875
529 0.91015625 0.64609375 0.03984375 0.0359375
669 0.8953125 0.196875 0.08984375 0.03828125
189 0.76328125 0.58828125 0.134375 0.04375