340 0.25390625 0.1 0.1078125 0.125
340 0.45234375 0.103125 0.11171875 0.125
340 0.65234375 0.1 0.11171875 0.11796875
340 0.065625 0.5015625 0.1 0.11171875
340 0.2046875 0.503125 0.10234375 0.11484375
340 0.346875 0.5 0.10234375 0.11484375
340 0.48984375 0.503125 0.1 0.11484375
340 0.63515625 0.5046875 0.10234375 0.11171875
340 0.77890625 0.503125 0.09765625 0.1078125
340 0.92265625 0.503125 0.09765625 0.11484375
340 0.1421875 0.7921875 0.1 0.11796875
340 0.2796875 0.790625 0.10390625 0.11484375
340 0.41484375 0.790625 0.10234375 0.11484375
340 0.55234375 0.79375 0.10390625 0.11484375
340 0.690625 0.79375 0.10234375 0.1078125
340 0.83203125 0.7921875 0.10390625 0.11171875
699 0.25234375 0.2265625 0.11171875 0.0671875
142 0.45 0.21796875 0.11171875 0.07109375
142 0.65234375 0.21796875 0.11171875 0.07109375