303 0.3921875 0.428125 0.06484375 0.05703125
303 0.7484375 0.35 0.05859375 0.05
303 0.17421875 0.43203125 0.05703125 0.09609375
303 0.23203125 0.671875 0.04140625 0.06796875
303 0.259375 0.696875 0.021875 0.040625
303 0.23125 0.403125 0.009375 0.12734375
303 0.25546875 0.45234375 0.0109375 0.10703125
303 0.559375 0.359375 0.053125 0.08515625
303 0.60703125 0.56328125 0.0359375 0.0609375
303 0.6359375 0.58671875 0.01875 0.034375
303 0.60703125 0.328125 0.0109375 0.11640625
303 0.62890625 0.3796875 0.0109375 0.0796875
303 0.3515625 0.22734375 0.0828125 0.0328125
303 0.271875 0.171875 0.0796875 0.02734375
303 0.64453125 0.128125 0.06484375 0.0234375
303 0.71015625 0.175 0.07265625 0.0203125