535 0.1390625 0.15625 0.09375 0.0546875
535 0.26640625 0.18515625 0.07421875 0.0484375
535 0.390625 0.1921875 0.08046875 0.05703125
535 0.49609375 0.1546875 0.0921875 0.0515625
535 0.6015625 0.15625 0.090625 0.0546875
535 0.715625 0.16484375 0.0953125 0.0484375
535 0.840625 0.16171875 0.09375 0.0484375
535 0.15234375 0.6546875 0.08203125 0.0484375
535 0.28671875 0.6578125 0.08046875 0.0484375
535 0.38046875 0.65625 0.08671875 0.0515625
535 0.49765625 0.653125 0.0890625 0.0515625
535 0.609375 0.6578125 0.090625 0.0484375
535 0.71015625 0.6546875 0.0890625 0.0484375
535 0.83828125 0.653125 0.08515625 0.0515625
536 0.13515625 0.19921875 0.0609375 0.04296875
536 0.253125 0.228125 0.0484375 0.0484375
536 0.20078125 0.2265625 0.02734375 0.03984375
536 0.39296875 0.23203125 0.05625 0.04609375
536 0.49765625 0.20234375 0.059375 0.04296875
536 0.59453125 0.2046875 0.05625 0.04296875
536 0.71484375 0.21171875 0.0609375 0.04609375
536 0.83984375 0.2078125 0.06328125 0.04296875
536 0.84375 0.69765625 0.0609375 0.04296875
536 0.7078125 0.7046875 0.0609375 0.04609375
536 0.60546875 0.703125 0.05625 0.0375
536 0.49921875 0.70078125 0.059375 0.0375
536 0.37265625 0.70078125 0.0546875 0.0375
536 0.2953125 0.703125 0.0546875 0.0375
536 0.140625 0.70078125 0.0546875 0.04296875