525 0.484375 0.53359375 0.0171875 0.021875
658 0.15546875 0.65390625 0.09765625 0.03203125
535 0.59921875 0.5625 0.18515625 0.1203125
536 0.6640625 0.415625 0.21015625 0.1171875
536 0.18828125 0.5625 0.0734375 0.07734375
535 0.33984375 0.328125 0.06171875 0.03671875
536 0.340625 0.29765625 0.05390625 0.03203125
535 0.86484375 0.2953125 0.05546875 0.028125
536 0.8640625 0.2671875 0.0484375 0.028125
525 0.43125 0.20703125 0.0125 0.01875
525 0.62734375 0.2125 0.01484375 0.01328125
525 0.3765625 0.25703125 0.0140625 0.01875
525 0.315625 0.40234375 0.01171875 0.0234375
525 0.896875 0.23203125 0.0125 0.01171875
525 0.83828125 0.2328125 0.01484375 0.01640625
508 0.19609375 0.503125 0.04453125 0.025
525 0.30703125 0.25234375 0.015625 0.01484375