376 0.4984375 0.12578125 0.36171875 0.18203125
599 0.1078125 0.58671875 0.04765625 0.09375
522 0.1953125 0.44765625 0.11015625 0.03515625
459 0.17265625 0.49921875 0.11015625 0.03984375
184 0.34921875 0.40859375 0.0734375 0.075
406 0.434375 0.38984375 0.103125 0.0421875
359 0.53515625 0.3921875 0.0875 0.0796875
480 0.61171875 0.425 0.0578125 0.075
216 0.69140625 0.396875 0.09140625 0.0515625
646 0.68828125 0.4546875 0.0828125 0.04921875
343 0.78125 0.42890625 0.08984375 0.07265625
313 0.2796875 0.509375 0.071875 0.09375
588 0.19375 0.55234375 0.103125 0.03046875
154 0.1859375 0.62734375 0.08046875 0.10546875
663 0.103125 0.67265625 0.07734375 0.0421875
349 0.265625 0.6015625 0.07890625 0.06328125
374 0.209375 0.70546875 0.0859375 0.065625
523 0.12265625 0.74921875 0.07734375 0.08203125
556 0.16484375 0.81171875 0.07734375 0.08203125
246 0.24765625 0.78359375 0.0734375 0.08671875
512 0.34296875 0.790625 0.096875 0.09609375
450 0.39921875 0.8390625 0.1140625 0.0515625
280 0.3265625 0.878125 0.1015625 0.075
185 0.43984375 0.89921875 0.1 0.0328125
403 0.51484375 0.7375 0.040625 0.10546875
486 0.45 0.74765625 0.06875 0.1125
652 0.33359375 0.71875 0.12265625 0.03984375
371 0.31328125 0.6578125 0.10703125 0.05390625
506 0.415625 0.65078125 0.084375 0.07265625
376 0.50703125 0.64140625 0.1015625 0.06328125
424 0.5125 0.54765625 0.06640625 0.10078125
686 0.35 0.584375 0.0828125 0.0609375
438 0.353125 0.5078125 0.07578125 0.08203125
434 0.4359375 0.56328125 0.071875 0.075
192 0.4328125 0.47421875 0.0828125 0.0890625
416 0.51875 0.459375 0.08984375 0.04453125
206 0.6484375 0.52578125 0.0828125 0.0796875
484 0.6265625 0.5984375 0.09453125 0.065625
345 0.6078125 0.6609375 0.1 0.0609375
382 0.5421875 0.90078125 0.08046875 0.04453125
179 0.50625 0.8328125 0.0828125 0.06328125
202 0.68515625 0.8109375 0.071875 0.09375
661 0.6453125 0.89453125 0.10546875 0.05625
465 0.74375 0.87421875 0.0734375 0.065625
149 0.7578125 0.7734375 0.06640625 0.09375
28 0.82265625 0.72109375 0.06640625 0.08203125
713 0.8203125 0.84375 0.06484375 0.0890625
615 0.88828125 0.76171875 0.071875 0.0890625
399 0.82421875 0.60859375 0.0703125 0.11015625
1 0.76015625 0.63671875 0.04375 0.1375
629 0.70234375 0.6484375 0.07578125 0.07734375
131 0.67421875 0.73359375 0.096875 0.0796875
548 0.58046875 0.753125 0.06328125 0.10078125
653 0.90078125 0.65390625 0.08984375 0.09375
515 0.89296875 0.559375 0.06640625 0.08203125
288 0.715625 0.54921875 0.06328125 0.0984375
169 0.78671875 0.5078125 0.06875 0.08203125
136 0.86875 0.4859375 0.04921875 0.0703125
448 0.5875 0.5265625 0.06640625 0.10078125
521 0.228125 0.8671875 0.08046875 0.05625