319 0.67109375 0.10390625 0.08046875 0.02421875
318 0.73828125 0.10859375 0.04375 0.01875
264 0.7484375 0.8921875 0.034375 0.0296875
319 0.165625 0.80234375 0.08046875 0.01875
318 0.2328125 0.80078125 0.04375 0.0171875
333 0.49921875 0.79296875 0.06640625 0.0234375
626 0.2640625 0.84609375 0.0765625 0.01484375
256 0.15859375 0.846875 0.0859375 0.01953125
19 0.52890625 0.8390625 0.12421875 0.01875
402 0.359375 0.7984375 0.071875 0.0390625
6 0.4203125 0.47265625 0.02578125 0.0078125
319 0.39609375 0.315625 0.0109375 0.0171875
319 0.4015625 0.2828125 0.0109375 0.0171875
318 0.396875 0.30234375 0.009375 0.00859375
318 0.403125 0.2703125 0.0109375 0.009375
356 0.73359375 0.3296875 0.096875 0.02734375