535 0.58046875 0.61015625 0.20625 0.11484375
536 0.66640625 0.475 0.24140625 0.12421875
508 0.23359375 0.58046875 0.05390625 0.025
536 0.13671875 0.61328125 0.06171875 0.053125
536 0.30390625 0.33828125 0.05390625 0.03125
536 0.8375 0.32578125 0.04765625 0.03125
525 0.16015625 0.10390625 0.03125 0.034375
525 0.1625 0.2015625 0.03125 0.03125
525 0.16328125 0.296875 0.0328125 0.034375
525 0.1640625 0.39765625 0.03515625 0.0375
525 0.16640625 0.4890625 0.03125 0.040625
525 0.23515625 0.15234375 0.0328125 0.0375
525 0.23828125 0.2484375 0.03515625 0.03125
525 0.2375 0.34140625 0.02890625 0.0375
525 0.23671875 0.05625 0.03125 0.03125
525 0.390625 0.4390625 0.0328125 0.040625
525 0.390625 0.34296875 0.02890625 0.040625
525 0.38984375 0.2453125 0.03125 0.0375
525 0.38828125 0.15234375 0.0328125 0.0375
525 0.38984375 0.053125 0.03125 0.03125
525 0.31328125 0.10546875 0.03125 0.04375
525 0.4640625 0.10078125 0.03125 0.040625
525 0.54140625 0.053125 0.02890625 0.04375
525 0.54375 0.14921875 0.0328125 0.04375
525 0.61796875 0.09609375 0.0328125 0.0375
525 0.61953125 0.19375 0.02890625 0.040625
525 0.69609375 0.24375 0.0328125 0.040625
525 0.6984375 0.14609375 0.0328125 0.0375
525 0.69609375 0.0484375 0.02890625 0.040625
525 0.77578125 0.19375 0.03125 0.046875
525 0.775 0.09296875 0.02890625 0.04375
525 0.85234375 0.04375 0.03125 0.0375
525 0.853125 0.14453125 0.0328125 0.040625
525 0.9296875 0.08984375 0.0328125 0.0375
525 0.93046875 0.1921875 0.03125 0.0375
525 0.93203125 0.29375 0.0328125 0.040625
525 0.44296875 0.57734375 0.01875 0.025
658 0.08359375 0.68671875 0.1015625 0.04375
658 0.909375 0.4828125 0.07421875 0.034375
525 0.5 0.2703125 0.01640625 0.0125
525 0.875 0.284375 0.01484375 0.021875
525 0.2703125 0.2984375 0.0203125 0.0125
525 0.67890625 0.2796875 0.01484375 0.01875