314 0.49765625 0.06015625 0.16484375 0.10234375
314 0.1296875 0.23046875 0.0421875 0.02578125
314 0.34296875 0.20625 0.0328125 0.01953125
314 0.6375 0.24453125 0.0234375 0.015625
314 0.8765625 0.2953125 0.0328125 0.0203125
314 0.07890625 0.35390625 0.0203125 0.0125
314 0.07109375 0.41328125 0.03515625 0.02265625
314 0.17578125 0.50859375 0.04609375 0.02890625
314 0.07109375 0.4671875 0.0171875 0.00546875
314 0.43359375 0.51328125 0.05078125 0.0296875
314 0.5953125 0.37578125 0.0234375 0.01328125
314 0.6671875 0.46484375 0.0234375 0.0140625
314 0.7796875 0.3796875 0.028125 0.0171875
314 0.77890625 0.425 0.03125 0.01875
314 0.8265625 0.49921875 0.0296875 0.0171875
314 0.32421875 0.70390625 0.05234375 0.03046875
314 0.63984375 0.659375 0.17890625 0.10703125
327 0.403125 0.8875 0.03671875 0.01171875
326 0.378125 0.9046875 0.05234375 0.00703125
327 0.665625 0.93125 0.00859375 0.00703125