538 0.4390625 0.240625 0.24453125 0.09765625
539 0.60625 0.225 0.0796875 0.128125
538 0.9125 0.2515625 0.071875 0.0359375
539 0.9609375 0.24921875 0.0265625 0.04296875
538 0.25 0.83515625 0.02578125 0.046875
539 0.26328125 0.81171875 0.01015625 0.01875
538 0.2921875 0.76171875 0.02421875 0.04140625
539 0.30703125 0.73515625 0.00859375 0.0203125
538 0.29296875 0.8359375 0.02421875 0.04296875
539 0.30703125 0.81015625 0.009375 0.0171875
539 0.26328125 0.8859375 0.01015625 0.01484375
539 0.2203125 0.88671875 0.01015625 0.015625
539 0.30546875 0.8875 0.01171875 0.01484375
538 0.29453125 0.684375 0.0234375 0.0453125
538 0.02890625 0.525 0.025 0.04296875
538 0.07265625 0.45 0.025 0.04140625
538 0.115625 0.375 0.02421875 0.04140625
538 0.0296875 0.4515625 0.02578125 0.04140625
538 0.07265625 0.375 0.02578125 0.0453125
538 0.03125 0.375 0.025 0.0453125
539 0.04296875 0.5015625 0.01015625 0.01875
539 0.08671875 0.42578125 0.00859375 0.0171875
539 0.13046875 0.35 0.009375 0.0171875
539 0.04453125 0.425 0.009375 0.0171875
539 0.0875 0.3515625 0.009375 0.0203125
539 0.0453125 0.34921875 0.00859375 0.015625
538 0.25 0.39140625 0.0203125 0.03828125
539 0.2625 0.41328125 0.00703125 0.01875
538 0.21328125 0.3921875 0.02109375 0.034375