426 0.2171875 0.09140625 0.20390625 0.13203125
427 0.253125 0.11796875 0.2171875 0.0265625
426 0.75 0.07265625 0.19453125 0.12890625
426 0.23046875 0.5890625 0.0421875 0.034375
427 0.2328125 0.596875 0.0296875 0.00703125
426 0.6078125 0.8328125 0.0609375 0.0421875
426 0.84765625 0.84140625 0.0515625 0.02890625
426 0.359375 0.8984375 0.02734375 0.0203125
426 0.18359375 0.8234375 0.059375 0.021875
426 0.35 0.8671875 0.05390625 0.0265625
426 0.73671875 0.878125 0.0296875 0.01796875
427 0.88984375 0.9625 0.0578125 0.0109375
427 0.83828125 0.83359375 0.05546875 0.0078125
427 0.6171875 0.83828125 0.0625 0.01328125