174 0.22734375 0.37265625 0.0390625 0.01875
174 0.228125 0.4015625 0.03515625 0.01640625
174 0.22734375 0.4609375 0.03359375 0.01796875
174 0.22890625 0.43203125 0.034375 0.01875
174 0.22734375 0.48984375 0.0328125 0.01875
174 0.13125 0.47421875 0.0078125 0.046875
174 0.1015625 0.47734375 0.00859375 0.04453125
174 0.16171875 0.47265625 0.0078125 0.04375
174 0.065625 0.48359375 0.009375 0.0453125
174 0.0515625 0.45546875 0.025 0.01015625
174 0.0171875 0.45625 0.025 0.01171875
174 0.0953125 0.21953125 0.02421875 0.01015625
174 0.0109375 0.24296875 0.01015625 0.05234375
174 0.05859375 0.21328125 0.0265625 0.0125
174 0.00546875 0.7390625 0.009375 0.05
174 0.02421875 0.7265625 0.00625 0.046875
174 0.0234375 0.7765625 0.0328125 0.01953125
174 0.0671875 0.759375 0.025 0.01796875
174 0.09453125 0.70859375 0.009375 0.04609375
174 0.0734375 0.71875 0.00625 0.0390625
174 0.0515625 0.7265625 0.0078125 0.04140625
174 0.11484375 0.7015625 0.00625 0.04375
174 0.18515625 0.7234375 0.02265625 0.0171875
174 0.271875 0.66328125 0.0328125 0.02109375
174 0.33203125 0.621875 0.0296875 0.02109375
174 0.33046875 0.66484375 0.0296875 0.0203125
174 0.334375 0.578125 0.03125 0.01953125
174 0.32265625 0.5328125 0.03046875 0.01640625
174 0.38828125 0.64453125 0.02578125 0.015625
174 0.3890625 0.61953125 0.025 0.01640625
174 0.38984375 0.5953125 0.02734375 0.01484375
174 0.390625 0.57109375 0.02734375 0.01796875
174 0.4703125 0.5953125 0.02421875 0.0140625
174 0.47109375 0.57265625 0.02421875 0.01640625
174 0.4703125 0.6171875 0.021875 0.015625
174 0.45390625 0.54453125 0.0234375 0.01484375
174 0.209375 0.95078125 0.03203125 0.0296875
174 0.17109375 0.95546875 0.03828125 0.0265625
174 0.19921875 0.9125 0.0328125 0.02578125
174 0.28984375 0.40390625 0.0296875 0.0171875
174 0.2875 0.43125 0.0328125 0.0140625
174 0.2875 0.45703125 0.03203125 0.01328125
174 0.38828125 0.41953125 0.025 0.015625
174 0.3890625 0.44453125 0.02578125 0.01875
174 0.3859375 0.4671875 0.02578125 0.0125
174 0.38203125 0.36875 0.02421875 0.0125
174 0.2609375 0.34375 0.03125 0.01484375
174 0.434375 0.46171875 0.025 0.01328125
174 0.4359375 0.4359375 0.025 0.01640625
174 0.4359375 0.40859375 0.0234375 0.015625
174 0.4375 0.38359375 0.02265625 0.01484375
174 0.41484375 0.35234375 0.02265625 0.0140625
174 0.340625 0.45703125 0.021875 0.01171875
174 0.34140625 0.4375 0.021875 0.01171875
174 0.3421875 0.41796875 0.02109375 0.0140625
174 0.34375 0.39609375 0.02265625 0.0125
174 0.3375 0.375 0.0203125 0.01328125
174 0.3203125 0.353125 0.021875 0.01328125
174 0.28828125 0.91640625 0.03125 0.02734375
174 0.28828125 0.896875 0.034375 0.03125
174 0.25625 0.8296875 0.0328125 0.02421875
174 0.2890625 0.875 0.03359375 0.0265625
174 0.2859375 0.8609375 0.03125 0.0203125
174 0.27578125 0.85546875 0.0328125 0.0203125
174 0.26953125 0.846875 0.03125 0.01796875
174 0.26015625 0.84375 0.02890625 0.02109375
174 0.253125 0.81796875 0.0328125 0.01796875
174 0.24296875 0.81171875 0.0328125 0.01953125
174 0.23515625 0.80390625 0.0328125 0.01796875
174 0.228125 0.80078125 0.03203125 0.01875
174 0.3390625 0.8984375 0.03515625 0.028125
174 0.34453125 0.87421875 0.03359375 0.03125
174 0.34609375 0.84609375 0.034375 0.0296875
174 0.340625 0.83203125 0.03515625 0.025
174 0.328125 0.825 0.03515625 0.0234375
174 0.31796875 0.8171875 0.03671875 0.025
174 0.3125 0.80234375 0.034375 0.028125
174 0.3078125 0.78515625 0.0328125 0.021875
174 0.296875 0.77890625 0.034375 0.0203125
174 0.28671875 0.7734375 0.034375 0.01640625
174 0.51796875 0.709375 0.01953125 0.01640625
174 0.5171875 0.73046875 0.0203125 0.01640625
174 0.51640625 0.75234375 0.01875 0.01640625
174 0.515625 0.7734375 0.0203125 0.0171875
174 0.5140625 0.79296875 0.01953125 0.0171875
174 0.4890625 0.675 0.01875 0.01484375
174 0.4828125 0.80078125 0.0203125 0.0171875
174 0.48125 0.78671875 0.0171875 0.01875
174 0.4828125 0.76875 0.01796875 0.0140625
174 0.459375 0.73984375 0.021875 0.015625
174 0.55078125 0.734375 0.021875 0.01875
174 0.54921875 0.75546875 0.0234375 0.01796875
469 0.88046875 0.04921875 0.0234375 0.01171875