56 0.128125 0.04453125 0.190625 0.0890625
56 0.128125 0.2609375 0.19296875 0.0859375
56 0.12578125 0.48046875 0.14296875 0.09140625
56 0.10703125 0.6984375 0.1140625 0.07421875
56 0.103125 0.921875 0.1078125 0.08046875
56 0.4671875 0.0421875 0.1921875 0.084375
56 0.8078125 0.0515625 0.1953125 0.0828125
56 0.81171875 0.2625 0.190625 0.07890625
56 0.8375 0.49296875 0.1375 0.0828125
56 0.85078125 0.7078125 0.10703125 0.0828125
56 0.85625 0.93125 0.10546875 0.0828125
74 0.02890625 0.14609375 0.046875 0.071875
74 0.03046875 0.36484375 0.046875 0.06328125
74 0.0296875 0.5875 0.05 0.06875
74 0.02890625 0.81015625 0.04453125 0.0703125
74 0.36640625 0.14765625 0.04453125 0.06875
74 0.7078125 0.15546875 0.0453125 0.06328125