400 0.2640625 0.36171875 0.04765625 0.05078125
400 0.77578125 0.34765625 0.04375 0.04609375
400 0.28984375 0.75078125 0.0296875 0.01015625
400 0.2890625 0.75078125 0.07265625 0.075
401 0.43203125 0.675 0.0515625 0.05234375
401 0.571875 0.68125 0.05234375 0.04375
401 0.709375 0.6703125 0.0484375 0.0453125
401 0.409375 0.54921875 0.046875 0.04609375
401 0.3859375 0.43203125 0.0328125 0.04609375
401 0.51015625 0.453125 0.05234375 0.03671875
401 0.8203125 0.65859375 0.046875 0.04609375
401 0.53984375 0.5578125 0.053125 0.04140625
401 0.67890625 0.54296875 0.04921875 0.04453125
401 0.803125 0.5203125 0.0328125 0.04609375
401 0.6453125 0.425 0.040625 0.0515625
401 0.8390625 0.7953125 0.04140625 0.04296875
400 0.76875 0.39296875 0.0421875 0.03828125