452 0.425 0.640625 0.1296875 0.04375
452 0.46484375 0.8703125 0.09453125 0.040625
452 0.30625 0.875 0.09453125 0.0359375
452 0.259375 0.6875 0.09375 0.03125
452 0.25546875 0.50625 0.09375 0.0296875
452 0.4421875 0.3984375 0.09609375 0.0359375
452 0.07578125 0.49921875 0.1 0.0359375
452 0.2609375 0.296875 0.13125 0.05
452 0.47890625 0.2109375 0.02578125 0.1203125
452 0.60546875 0.2796875 0.08046875 0.02734375
452 0.76953125 0.19765625 0.096875 0.034375
452 0.76953125 0.40859375 0.0296875 0.11328125
452 0.6125 0.48828125 0.12890625 0.04609375
452 0.7625 0.615625 0.0296875 0.1109375
452 0.91875 0.50546875 0.02890625 0.12109375