340 0.07734375 0.18125 0.07265625 0.0625
716 0.29375 0.20234375 0.02890625 0.03671875
42 0.6046875 0.2 0.04375 0.06484375
429 0.86015625 0.20703125 0.10546875 0.0453125
656 0.346875 0.32421875 0.11953125 0.03671875
159 0.6078125 0.31875 0.06171875 0.059375
390 0.3453125 0.396875 0.0953125 0.028125
204 0.3515625 0.47421875 0.0953125 0.0421875
57 0.603125 0.39375 0.09921875 0.03984375
6 0.87109375 0.315625 0.096875 0.03671875
278 0.86953125 0.60078125 0.09921875 0.028125
334 0.86953125 0.503125 0.09921875 0.03125
58 0.603125 0.55703125 0.06640625 0.03671875
390 0.603125 0.62890625 0.0953125 0.028125
64 0.6015625 0.70078125 0.103125 0.03671875
57 0.346875 0.6171875 0.0953125 0.03984375
443 0.34609375 0.6953125 0.09296875 0.0484375
270 0.34375 0.55078125 0.07265625 0.05390625
718 0.86796875 0.41328125 0.0828125 0.0453125
252 0.346875 0.8515625 0.12421875 0.02578125