172 0.621875 0.2890625 0.05859375 0.03515625
172 0.79140625 0.26328125 0.05625 0.03515625
172 0.825 0.58984375 0.0546875 0.03046875
86 0.47734375 0.7625 0.0234375 0.01484375
86 0.54140625 0.77109375 0.02421875 0.0140625
86 0.42890625 0.76171875 0.015625 0.01171875
86 0.3828125 0.7578125 0.015625 0.0140625
86 0.546875 0.753125 0.0203125 0.0109375
524 0.528125 0.4796875 0.0171875 0.0203125
524 0.546875 0.4796875 0.0171875 0.0203125
524 0.56796875 0.48125 0.01796875 0.01953125
524 0.39609375 0.4765625 0.01640625 0.01640625
524 0.375 0.4765625 0.015625 0.01875
524 0.43359375 0.48046875 0.01484375 0.01640625
524 0.47109375 0.4828125 0.01484375 0.01875
524 0.48984375 0.48125 0.015625 0.01640625
524 0.5078125 0.48359375 0.0140625 0.01953125
524 0.45 0.48203125 0.015625 0.01875