535 0.35234375 0.49921875 0.12578125 0.08359375
535 0.621875 0.515625 0.12265625 0.0875
312 0.63125 0.68046875 0.121875 0.03671875
312 0.34765625 0.65546875 0.115625 0.05
139 0.346875 0.60078125 0.0984375 0.05546875
139 0.6234375 0.61796875 0.10625 0.05859375
535 0.73515625 0.87265625 0.02109375 0.16328125
535 0.2328125 0.86875 0.046875 0.17265625
535 0.67421875 0.325 0.053125 0.04140625
535 0.43125 0.34296875 0.046875 0.04921875
536 0.67421875 0.3015625 0.04921875 0.040625
536 0.4328125 0.3265625 0.040625 0.040625
536 0.3578125 0.42734375 0.12890625 0.096875
536 0.6140625 0.4359375 0.128125 0.096875
139 0.55546875 0.39609375 0.0484375 0.03203125
139 0.30390625 0.328125 0.05234375 0.03203125
508 0.5515625 0.3671875 0.046875 0.028125
508 0.3 0.29765625 0.05 0.034375
312 0.34140625 0.2859375 0.0421875 0.0640625
312 0.39296875 0.30625 0.03828125 0.046875
312 0.5890625 0.321875 0.03125 0.04921875
312 0.63046875 0.2984375 0.040625 0.0796875
536 0.59609375 0.05625 0.04609375 0.034375
535 0.59609375 0.078125 0.04765625 0.0296875
535 0.90078125 0.475 0.02578125 0.11171875
535 0.7390625 0.45859375 0.071875 0.0359375
536 0.74453125 0.43359375 0.0671875 0.04296875
536 0.753125 0.74453125 0.06875 0.05703125
536 0.34296875 0.05703125 0.02265625 0.02734375
535 0.35078125 0.0625 0.025 0.02734375