303 0.4625 0.4625 0.36640625 0.08203125
303 0.26640625 0.06796875 0.1109375 0.08046875
303 0.146875 0.415625 0.07421875 0.0609375
303 0.228125 0.43359375 0.04609375 0.03359375
303 0.49609375 0.06875 0.046875 0.0390625
303 0.23125 0.16796875 0.04296875 0.03125
303 0.69375 0.03125 0.04296875 0.03359375
303 0.79609375 0.2328125 0.07109375 0.053125
303 0.82734375 0.1625 0.0484375 0.03671875
303 0.6765625 0.57890625 0.075 0.05625
303 0.7609375 0.56328125 0.0421875 0.03515625
303 0.26484375 0.76015625 0.06875 0.05234375
303 0.296875 0.834375 0.0546875 0.04296875
303 0.16328125 0.96796875 0.04375 0.0328125
303 0.13203125 0.2640625 0.0984375 0.20859375
303 0.16328125 0.76171875 0.10234375 0.22109375
303 0.49453125 0.19296875 0.18046875 0.078125
303 0.8296875 0.3375 0.1 0.14609375
303 0.7625 0.83125 0.04296875 0.0328125
303 0.79375 0.9328125 0.10078125 0.07421875
303 0.4828125 0.85 0.1765625 0.08828125
303 0.22578125 0.26328125 0.04375 0.125
303 0.2171875 0.659375 0.0984375 0.05078125
303 0.77734375 0.39765625 0.0953125 0.0484375
303 0.446875 0.7640625 0.08203125 0.09375
303 0.75390625 0.75859375 0.01953125 0.07421875
303 0.8609375 0.771875 0.10234375 0.1875
303 0.646875 0.6671875 0.01875 0.0609375
303 0.515625 0.62421875 0.0765625 0.0328125
303 0.3640625 0.6265625 0.0390625 0.08203125
303 0.34765625 0.38125 0.0140625 0.040625
303 0.54296875 0.2671875 0.071875 0.1078125
303 0.9671875 0.53125 0.06328125 0.06796875