401 0.215625 0.609375 0.17421875 0.16171875
401 0.21875 0.23671875 0.15390625 0.153125
401 0.71171875 0.23046875 0.13984375 0.14765625
401 0.71328125 0.5703125 0.1828125 0.17578125
401 0.21171875 0.91171875 0.16484375 0.16875
401 0.74921875 0.9078125 0.171875 0.17109375
401 0.07890625 0.23125 0.0359375 0.04609375
401 0.3359375 0.23984375 0.04453125 0.04609375
401 0.44453125 0.23125 0.02890625 0.04296875
401 0.3578125 0.10859375 0.04140625 0.053125
401 0.2296875 0.1453125 0.0390625 0.0515625
401 0.575 0.215625 0.03203125 0.04296875
401 0.81875 0.22890625 0.04296875 0.04453125
401 0.928125 0.2234375 0.02890625 0.040625
401 0.6890625 0.13046875 0.04453125 0.0515625
401 0.81171875 0.096875 0.046875 0.04765625
401 0.71171875 0.453125 0.0859375 0.09453125
400 0.78203125 0.775 0.05546875 0.0625
400 0.371875 0.903125 0.0484375 0.05859375
400 0.3765625 0.5984375 0.05 0.05546875
400 0.21484375 0.49375 0.05703125 0.065625