536 0.42890625 0.41953125 0.0765625 0.10390625
536 0.25390625 0.359375 0.078125 0.09296875
536 0.85703125 0.42265625 0.08671875 0.09296875
535 0.5984375 0.60703125 0.06171875 0.0296875
535 0.32890625 0.565625 0.0515625 0.0453125
535 0.14921875 0.48671875 0.04140625 0.0421875
536 0.32578125 0.53359375 0.05078125 0.04765625
536 0.5984375 0.575 0.0640625 0.03828125
536 0.14765625 0.45546875 0.03984375 0.0453125
538 0.26015625 0.7265625 0.0484375 0.06875
538 0.6203125 0.85078125 0.0953125 0.0453125
536 0.67265625 0.4421875 0.04453125 0.0859375