469 0.85703125 0.128125 0.0671875 0.25625
567 0.3046875 0.25078125 0.0296875 0.02109375
567 0.3421875 0.27265625 0.02734375 0.0234375
567 0.37734375 0.22109375 0.02890625 0.025
567 0.43828125 0.1875 0.028125 0.02109375
567 0.4953125 0.16640625 0.02578125 0.02109375
567 0.47109375 0.2140625 0.02578125 0.01875
567 0.3390625 0.1859375 0.021875 0.0234375
567 0.28515625 0.221875 0.0171875 0.03125
370 0.3109375 0.78515625 0.025 0.04609375
370 0.35078125 0.771875 0.01796875 0.03984375
370 0.39921875 0.721875 0.0203125 0.0421875
567 0.41015625 0.2421875 0.025 0.02109375
370 0.428125 0.7140625 0.01640625 0.025
370 0.50703125 0.65078125 0.01484375 0.025
370 0.54609375 0.6234375 0.015625 0.025
370 0.52578125 0.64453125 0.01484375 0.025
370 0.47265625 0.70703125 0.01640625 0.02109375
709 0.56796875 0.16640625 0.0203125 0.04609375
709 0.59765625 0.1546875 0.01953125 0.0484375
709 0.61953125 0.1359375 0.015625 0.04453125
709 0.71015625 0.0875 0.0171875 0.03984375
709 0.6453125 0.125 0.015625 0.0359375
709 0.66953125 0.11171875 0.0140625 0.03828125
709 0.73828125 0.06015625 0.0125 0.03984375
709 0.690625 0.09765625 0.01640625 0.04453125
709 0.771875 0.03671875 0.01328125 0.03984375
709 0.7875 0.0875 0.01015625 0.03984375