536 0.15703125 0.13515625 0.01640625 0.0375
536 0.08125 0.13828125 0.01953125 0.034375
337 0.01640625 0.14453125 0.00234375 0.0015625
337 0.04921875 0.1453125 0.0015625 0.00234375
338 0.0515625 0.1453125 0.0046875 0.00234375
338 0.0203125 0.1453125 0.00546875 0.00234375
535 0.05 0.1484375 0.00390625 0.00234375
536 0.05234375 0.1484375 0.00234375 0.00234375
536 0.02109375 0.14765625 0.003125 0.0015625
535 0.0171875 0.14765625 0.00390625 0.003125
337 0.11796875 0.14375 0.0015625 0.00234375
338 0.12109375 0.14375 0.00390625 0.0015625
535 0.11875 0.146875 0.003125 0.003125
536 0.121875 0.146875 0.00234375 0.00234375
535 0.18203125 0.140625 0.003125 0.0046875
536 0.184375 0.14140625 0.0015625 0.0046875
338 0.18359375 0.1359375 0.003125 0.00390625
337 0.18125 0.13515625 0.0015625 0.00390625
138 0.14765625 0.13125 0.0015625 0.0015625
279 0.14765625 0.12578125 0.0015625 0.0015625
658 0.14765625 0.1171875 0.0015625 0.00234375
338 0.14765625 0.11484375 0.00234375 0.00234375
337 0.14765625 0.11328125 0.0015625 0.00234375
541 0.14765625 0.11953125 0.0015625 0.0015625
542 0.11953125 0.16328125 0.0015625 0.0046875
542 0.01875 0.16328125 0.0015625 0.00390625
542 0.05078125 0.16328125 0.0015625 0.003125