259 0.6578125 0.16640625 0.17734375 0.29140625
26 0.71484375 0.4640625 0.08984375 0.07421875
638 0.55859375 0.6578125 0.03984375 0.06796875
259 0.20390625 0.0359375 0.053125 0.07109375
259 0.29140625 0.23203125 0.04765625 0.0984375
638 0.19375 0.34921875 0.059375 0.23046875
638 0.32734375 0.52734375 0.05546875 0.12578125
638 0.15625 0.9203125 0.034375 0.15234375
638 0.26015625 0.44609375 0.04375 0.13203125
638 0.20234375 0.8984375 0.02265625 0.121875
259 0.60859375 0.61328125 0.01875 0.04765625
259 0.6171875 0.76640625 0.04375 0.09453125
11 0.53125 0.61328125 0.02109375 0.03359375
259 0.74453125 0.6 0.0265625 0.04765625
27 0.7765625 0.4796875 0.0265625 0.07109375