401 0.39296875 0.55 0.03828125 0.04453125
401 0.38671875 0.6765625 0.04375 0.04453125
401 0.28828125 0.684375 0.034375 0.040625
401 0.38125 0.80703125 0.0390625 0.04375
401 0.50546875 0.6828125 0.03984375 0.04375
401 0.609375 0.68515625 0.04375 0.0359375
401 0.58359375 0.5859375 0.03984375 0.04375
401 0.484375 0.5796875 0.03671875 0.040625
401 0.4015625 0.4421875 0.03515625 0.04375
401 0.48359375 0.4984375 0.0359375 0.0359375
401 0.50078125 0.79921875 0.03984375 0.034375
401 0.61171875 0.78671875 0.04296875 0.0328125
401 0.71796875 0.66640625 0.03125 0.04375
401 0.68359375 0.5484375 0.04375 0.046875
401 0.64375 0.4375 0.0453125 0.05234375
401 0.30546875 0.790625 0.034375 0.040625