303 0.246875 0.1 0.39453125 0.06640625
303 0.63046875 0.09140625 0.10546875 0.05
303 0.86640625 0.09453125 0.1 0.05546875
303 0.15546875 0.31953125 0.1 0.0609375
303 0.6 0.303125 0.3890625 0.0609375
303 0.25 0.53046875 0.3890625 0.071875
303 0.625 0.521875 0.10546875 0.05546875
303 0.8609375 0.521875 0.1 0.05546875
303 0.1640625 0.74453125 0.10546875 0.05546875
303 0.596875 0.73046875 0.371875 0.071875
303 0.25 0.95 0.3890625 0.06640625
303 0.625 0.94453125 0.10546875 0.05546875
303 0.85546875 0.946875 0.1 0.05