401 0.43671875 0.5515625 0.03671875 0.04921875
401 0.36015625 0.53125 0.02421875 0.0453125
401 0.3515625 0.6484375 0.0203125 0.04296875
401 0.3296875 0.765625 0.01953125 0.04765625
401 0.38125 0.284375 0.025 0.0453125
400 0.56640625 0.27421875 0.05078125 0.0109375
401 0.44609375 0.23203125 0.04296875 0.0421875
401 0.5578125 0.2328125 0.040625 0.0421875
401 0.6703125 0.2265625 0.040625 0.0421875
401 0.5359375 0.11484375 0.046875 0.0296875
401 0.42265625 0.121875 0.04296875 0.03203125
401 0.646875 0.11953125 0.04375 0.034375
401 0.72578125 0.55078125 0.0265625 0.046875
400 0.43359375 0.30234375 0.01875 0.01484375
400 0.68515625 0.3 0.015625 0.0171875
401 0.3953125 0.78984375 0.02734375 0.04765625