174 0.16796875 0.19375 0.23671875 0.13203125
174 0.178125 0.31796875 0.22890625 0.09921875
174 0.17890625 0.44140625 0.23046875 0.08359375
174 0.171875 0.5671875 0.22890625 0.0703125
174 0.16875 0.68671875 0.23203125 0.09921875
174 0.1890625 0.7953125 0.21484375 0.12734375
174 0.45546875 0.675 0.0921875 0.06171875
174 0.434375 0.6 0.07421875 0.04375
174 0.49609375 0.1671875 0.1015625 0.11015625
174 0.496875 0.078125 0.103125 0.1296875
174 0.440625 0.8515625 0.10625 0.08984375
174 0.45625 0.9 0.10625 0.11640625
174 0.47734375 0.95078125 0.109375 0.09453125
174 0.42421875 0.53046875 0.0453125 0.0375