426 0.2 0.153125 0.196875 0.26640625
427 0.20234375 0.32109375 0.18984375 0.059375
427 0.6984375 0.31875 0.13203125 0.065625
426 0.6859375 0.22265625 0.03828125 0.07421875
426 0.515625 0.4453125 0.01796875 0.0453125
426 0.4375 0.49765625 0.06171875 0.07890625
426 0.7109375 0.59140625 0.0265625 0.0359375
426 0.03828125 0.54375 0.025 0.03046875
426 0.17265625 0.5265625 0.03515625 0.04296875
426 0.20078125 0.5640625 0.01328125 0.015625
426 0.5390625 0.6203125 0.01328125 0.021875
426 0.615625 0.57421875 0.01484375 0.02734375
427 0.6171875 0.58046875 0.01484375 0.00625