376 0.0375 0.3015625 0.04296875 0.02265625
506 0.16171875 0.31875 0.04609375 0.02421875
376 0.12109375 0.3953125 0.0609375 0.028125
149 0.21171875 0.44765625 0.034375 0.03359375
376 0.28515625 0.390625 0.028125 0.01328125
1 0.0921875 0.59140625 0.0203125 0.03671875
438 0.17734375 0.60625 0.0359375 0.0390625
548 0.08828125 0.76640625 0.0515625 0.0828125
713 0.171875 0.7984375 0.04609375 0.04375
663 0.2390625 0.75234375 0.07109375 0.03671875
406 0.31640625 0.8796875 0.059375 0.01640625
484 0.92265625 0.6125 0.08203125 0.04609375
154 0.8421875 0.6203125 0.0421875 0.04609375
374 0.94296875 0.88984375 0.10234375 0.04453125
167 0.88984375 0.2796875 0.1125 0.03671875
349 0.89765625 0.51796875 0.028125 0.02421875
629 0.75625 0.89921875 0.0296875 0.02578125
424 0.70078125 0.921875 0.046875 0.03671875
131 0.828125 0.9296875 0.06328125 0.04375
512 0.83515625 0.8140625 0.03984375 0.02265625
652 0.79453125 0.72265625 0.0140625 0.07734375
652 0.753125 0.7265625 0.0421875 0.01328125
434 0.871875 0.684375 0.021875 0.01640625
349 0.83828125 0.51015625 0.0578125 0.0390625
349 0.76484375 0.5125 0.03203125 0.02421875
662 0.7125 0.4359375 0.0421875 0.0125
662 0.71875 0.41171875 0.0453125 0.01640625
662 0.725 0.38984375 0.04296875 0.01796875
662 0.73203125 0.36640625 0.0421875 0.01484375
297 0.76796875 0.2671875 0.04609375 0.02734375
114 0.82421875 0.43671875 0.03984375 0.0203125