210 0.83671875 0.55390625 0.0171875 0.0453125
298 0.7171875 0.5609375 0.0984375 0.025
536 0.7125 0.41015625 0.16328125 0.0421875
535 0.7734375 0.44765625 0.1546875 0.06328125
62 0.81796875 0.509375 0.03984375 0.03671875
102 0.5015625 0.27421875 0.08203125 0.0203125
536 0.32578125 0.446875 0.11015625 0.12890625
535 0.225 0.38984375 0.08125 0.05
298 0.128125 0.41953125 0.034375 0.04140625
298 0.49921875 0.4703125 0.053125 0.0453125
62 0.0734375 0.27421875 0.02734375 0.0296875
203 0.42890625 0.440625 0.059375 0.03984375
8 0.41484375 0.52109375 0.0421875 0.03671875