303 0.46796875 0.56640625 0.053125 0.0359375
303 0.52265625 0.565625 0.0484375 0.034375
303 0.46796875 0.2890625 0.01171875 0.13203125
303 0.52421875 0.29296875 0.0109375 0.12734375
135 0.084375 0.34375 0.0171875 0.04296875
135 0.08671875 0.56171875 0.0296875 0.02578125
40 0.17421875 0.53671875 0.03359375 0.021875
616 0.27421875 0.58671875 0.040625 0.028125
616 0.31953125 0.5921875 0.040625 0.0265625
616 0.3671875 0.596875 0.0421875 0.02734375
616 0.41484375 0.5984375 0.04453125 0.028125
224 0.5734375 0.51328125 0.03828125 0.01640625
224 0.62109375 0.5125 0.03828125 0.0171875
636 0.67265625 0.6046875 0.04921875 0.08046875
636 0.72109375 0.60234375 0.046875 0.07734375
115 0.81328125 0.5703125 0.04140625 0.03515625
537 0.91640625 0.54296875 0.053125 0.0859375
99 0.859375 0.590625 0.0296875 0.04921875
596 0.12890625 0.59140625 0.03125 0.0890625
336 0.76875 0.58203125 0.04453125 0.0421875