303 0.38984375 0.11875 0.15078125 0.075
303 0.24609375 0.35625 0.16640625 0.06875
303 0.621875 0.125 0.159375 0.075
303 0.7625 0.340625 0.15234375 0.08125
303 0.3890625 0.58125 0.15 0.06875
303 0.621875 0.584375 0.1578125 0.08125
303 0.0421875 0.36875 0.084375 0.075
303 0.0453125 0.815625 0.090625 0.0625
303 0.24921875 0.8125 0.16015625 0.075
303 0.021875 0.1453125 0.03828125 0.059375
303 0.40078125 0.81875 0.0375 0.0625
303 0.49453125 0.8140625 0.03515625 0.065625
303 0.58671875 0.815625 0.040625 0.0625
303 0.76171875 0.7984375 0.14921875 0.084375
303 0.95859375 0.8046875 0.08046875 0.071875
303 0.95625 0.3453125 0.0828125 0.071875
303 0.77265625 0.5734375 0.03828125 0.059375
303 0.86640625 0.578125 0.04921875 0.06875
303 0.95703125 0.58125 0.04453125 0.05625
303 0.77421875 0.1171875 0.0359375 0.065625
303 0.8671875 0.121875 0.0421875 0.05625
303 0.96015625 0.125 0.03984375 0.05
303 0.1140625 0.14375 0.03984375 0.0625
303 0.20546875 0.1390625 0.03828125 0.053125
303 0.39921875 0.3578125 0.03984375 0.059375
303 0.4921875 0.3609375 0.04765625 0.065625
303 0.5828125 0.365625 0.0453125 0.06875
303 0.028125 0.596875 0.0421875 0.0625
303 0.11640625 0.590625 0.04453125 0.0625
303 0.2078125 0.5921875 0.0421875 0.065625