303 0.4453125 0.2734375 0.015625 0.1609375
303 0.32578125 0.725 0.13984375 0.1640625
303 0.66796875 0.7171875 0.0875 0.13125
143 0.22734375 0.63671875 0.021875 0.05390625
143 0.446875 0.58515625 0.040625 0.0625
143 0.56015625 0.6 0.0390625 0.0625
303 0.22265625 0.45390625 0.0125 0.0984375
303 0.44609375 0.7578125 0.0484375 0.0265625
303 0.559375 0.48671875 0.0375 0.02109375
143 0.84140625 0.6546875 0.03125 0.0359375
143 0.29375 0.4953125 0.0421875 0.08046875
303 0.175 0.35703125 0.0265625 0.04765625