469 0.41328125 0.31875 0.00625 0.01796875
469 0.44296875 0.2984375 0.0078125 0.0234375
469 0.4609375 0.521875 0.00859375 0.0078125
469 0.20703125 0.3578125 0.0046875 0.01328125
469 0.45078125 0.3234375 0.0078125 0.00859375
469 0.440625 0.36015625 0.00625 0.0078125
469 0.459375 0.33125 0.0078125 0.00546875
469 0.46875 0.36015625 0.00703125 0.0078125
469 0.57421875 0.3375 0.0125 0.0203125
469 0.6140625 0.33359375 0.01640625 0.025
469 0.6875 0.32421875 0.02109375 0.028125
469 0.77421875 0.32265625 0.02265625 0.02890625
469 0.87890625 0.4421875 0.0078125 0.01328125
469 0.7046875 0.63984375 0.00703125 0.01328125
469 0.68125 0.6390625 0.00703125 0.01171875