303 0.62265625 0.66015625 0.28515625 0.13984375
303 0.20390625 0.6375 0.1 0.175
303 0.33515625 0.4515625 0.04609375 0.01328125
303 0.2890625 0.38046875 0.04296875 0.01484375
303 0.38125 0.3546875 0.04609375 0.01328125
303 0.4796875 0.32421875 0.04296875 0.01484375
303 0.56875 0.29765625 0.03828125 0.01171875
303 0.65703125 0.27109375 0.03984375 0.01171875
303 0.434375 0.4171875 0.04140625 0.01484375
303 0.53125 0.3890625 0.04140625 0.01171875
303 0.62265625 0.35859375 0.04140625 0.01328125
303 0.71171875 0.328125 0.04453125 0.01328125
303 0.3828125 0.515625 0.04609375 0.01484375
303 0.48203125 0.48046875 0.04453125 0.01484375
303 0.58046875 0.4484375 0.04296875 0.01328125
303 0.6765625 0.41796875 0.04140625 0.01640625
303 0.76875 0.38671875 0.04453125 0.01328125