119 0.24765625 0.41171875 0.05859375 0.0515625
119 0.75703125 0.28359375 0.07265625 0.05078125
119 0.56796875 0.11171875 0.1203125 0.10859375
119 0.565625 0.23359375 0.12109375 0.09609375
119 0.5671875 0.35703125 0.12109375 0.10078125
119 0.5640625 0.4765625 0.11484375 0.08828125
119 0.56484375 0.6015625 0.1140625 0.0921875
119 0.5671875 0.72421875 0.1125 0.09453125
119 0.56484375 0.84765625 0.11484375 0.10546875
119 0.68515625 0.11015625 0.09609375 0.09375
119 0.671875 0.7140625 0.08828125 0.0828125
119 0.66015625 0.85078125 0.06875 0.09453125
119 0.946875 0.10546875 0.10546875 0.0796875
119 0.946875 0.22265625 0.10546875 0.0859375
119 0.94453125 0.3515625 0.109375 0.090625
119 0.93984375 0.484375 0.11875 0.090625
119 0.9421875 0.59921875 0.1140625 0.09296875
119 0.94140625 0.725 0.11484375 0.0765625
119 0.93984375 0.853125 0.11875 0.0890625
119 0.8265625 0.84765625 0.1 0.08359375
119 0.83828125 0.1125 0.096875 0.090625
119 0.37109375 0.175 0.15703125 0.1296875
119 0.115625 0.153125 0.13828125 0.11484375