535 0.4875 0.584375 0.1796875 0.07109375
536 0.49375 0.50625 0.14140625 0.078125
535 0.52109375 0.39375 0.03984375 0.03828125
536 0.67421875 0.4796875 0.02421875 0.0421875
535 0.69765625 0.29921875 0.184375 0.06875
536 0.7 0.21171875 0.1484375 0.09296875
536 0.28203125 0.2171875 0.1609375 0.090625
536 0.4984375 0.046875 0.0703125 0.03671875
255 0.11328125 0.60859375 0.02890625 0.03671875
535 0.36640625 0.6140625 0.07109375 0.03828125
536 0.3546875 0.58984375 0.05703125 0.0296875
569 0.5609375 0.45078125 0.09375 0.03984375
535 0.5 0.071875 0.0703125 0.02421875