401 0.503125 0.2546875 0.0421875 0.04609375
401 0.621875 0.2515625 0.03984375 0.04375
401 0.50546875 0.38515625 0.03828125 0.04609375
401 0.3828125 0.3890625 0.04375 0.0453125
401 0.625 0.3796875 0.0375 0.04296875
401 0.73828125 0.37265625 0.034375 0.0453125
400 0.5984375 0.575 0.0546875 0.01328125
401 0.309375 0.63984375 0.03046875 0.04765625
401 0.31015625 0.76328125 0.02734375 0.04765625
401 0.3859375 0.7734375 0.0421875 0.04375
401 0.38671875 0.64609375 0.0453125 0.04296875
401 0.3859375 0.5203125 0.0484375 0.04296875
401 0.53515625 0.64375 0.0421875 0.04296875
401 0.5328125 0.77109375 0.0421875 0.03984375
401 0.653125 0.7625 0.03984375 0.04140625
401 0.65390625 0.6375 0.03828125 0.0453125
401 0.528125 0.51484375 0.0453125 0.0421875
401 0.65 0.509375 0.04140625 0.04453125
401 0.74453125 0.49921875 0.028125 0.04453125