261 0.51796875 0.2671875 0.090625 0.03828125
261 0.2953125 0.559375 0.11484375 0.06953125
261 0.11484375 0.7328125 0.2015625 0.10390625
261 0.2265625 0.80859375 0.05859375 0.0328125
261 0.40546875 0.64296875 0.0359375 0.02109375
261 0.80234375 0.73203125 0.159375 0.07890625
261 0.8125 0.57890625 0.14296875 0.06953125
261 0.5921875 0.55390625 0.171875 0.0734375
261 0.53671875 0.19453125 0.05859375 0.034375
261 0.72578125 0.4546875 0.0359375 0.0171875
261 0.92890625 0.71171875 0.05703125 0.0265625
261 0.38046875 0.77109375 0.0375 0.0265625