650 0.775 0.07734375 0.12421875 0.02265625
650 0.77265625 0.3453125 0.115625 0.02265625
650 0.76484375 0.5859375 0.109375 0.021875
650 0.1 0.09453125 0.10234375 0.01875
650 0.12109375 0.3421875 0.096875 0.021875
650 0.14453125 0.5640625 0.09140625 0.02265625
598 0.18515625 0.6671875 0.14140625 0.028125
598 0.16015625 0.4484375 0.15 0.02578125
598 0.13984375 0.21484375 0.1625 0.028125
598 0.8125 0.20859375 0.18125 0.03046875
598 0.803125 0.46015625 0.175 0.03046875
598 0.79453125 0.6984375 0.16640625 0.03125