376 0.10859375 0.44296875 0.090625 0.05234375
548 0.24609375 0.44296875 0.121875 0.20703125
484 0.415625 0.39375 0.175 0.1328125
448 0.14609375 0.30390625 0.0484375 0.08359375
448 0.3421875 0.33828125 0.04453125 0.08359375
448 0.528125 0.32109375 0.0296875 0.04921875
376 0.5765625 0.6 0.05078125 0.028125
376 0.72734375 0.4734375 0.04453125 0.028125
154 0.6 0.384375 0.134375 0.1328125
448 0.74296875 0.32578125 0.0421875 0.021875
154 0.69140625 0.30078125 0.078125 0.03359375
424 0.88125 0.640625 0.14140625 0.1328125
686 0.725 0.5203125 0.1578125 0.1140625
376 0.50078125 0.5296875 0.0671875 0.04609375
686 0.6765625 0.43828125 0.090625 0.04296875