677 0.471875 0.57578125 0.04765625 0.046875
677 0.30703125 0.2171875 0.04296875 0.1265625
677 0.64609375 0.10234375 0.05546875 0.171875
675 0.53671875 0.5765625 0.0453125 0.046875
675 0.3703125 0.10625 0.05703125 0.17734375
675 0.7046875 0.20625 0.0421875 0.13359375
677 0.071875 0.7375 0.0203125 0.01484375
675 0.07265625 0.75625 0.01953125 0.01328125
553 0.03671875 0.77890625 0.0140625 0.0140625
475 0.05 0.76875 0.01328125 0.0078125
677 0.9390625 0.7328125 0.0203125 0.0140625
675 0.93984375 0.75078125 0.01953125 0.0125