401 0.44375 0.753125 0.0421875 0.04296875
401 0.38359375 0.3828125 0.034375 0.04921875
401 0.35390625 0.49375 0.03515625 0.04765625
401 0.16015625 0.68046875 0.015625 0.0453125
401 0.46875 0.4390625 0.02734375 0.053125
401 0.44375 0.5390625 0.03515625 0.0453125
401 0.55546875 0.58203125 0.03828125 0.03515625
401 0.57578125 0.48515625 0.03828125 0.03515625
401 0.6546875 0.62890625 0.03984375 0.04375
401 0.62421875 0.5296875 0.02578125 0.04296875
401 0.6859375 0.378125 0.03046875 0.04921875
401 0.725 0.48359375 0.04453125 0.046875
401 0.75859375 0.59375 0.02734375 0.04609375
401 0.7734375 0.71015625 0.03359375 0.04609375
401 0.675 0.740625 0.03515625 0.04609375
401 0.5671875 0.76015625 0.03984375 0.0296875
401 0.446875 0.63984375 0.03984375 0.0421875
401 0.54296875 0.66953125 0.0421875 0.03125
401 0.3390625 0.6171875 0.040625 0.04296875
400 0.32265625 0.3515625 0.0421875 0.04453125
400 0.7390625 0.3375 0.03515625 0.0421875