400 0.27734375 0.70234375 0.04140625 0.01171875
400 0.75546875 0.3328125 0.04375 0.04375
400 0.2875 0.3390625 0.0546875 0.046875
401 0.37421875 0.65 0.05 0.04765625
401 0.253125 0.50078125 0.0421875 0.04921875
401 0.24921875 0.63125 0.03125 0.04296875
401 0.3703125 0.5328125 0.04140625 0.040625
401 0.3671875 0.44140625 0.0453125 0.0421875
401 0.3625 0.77734375 0.0453125 0.05
401 0.496875 0.77890625 0.04375 0.04140625
401 0.6234375 0.7703125 0.04375 0.040625
401 0.73671875 0.75 0.03125 0.046875
401 0.51171875 0.6625 0.04375 0.0484375
401 0.6390625 0.659375 0.04375 0.04609375
401 0.71640625 0.521875 0.0453125 0.046875
401 0.771875 0.3703125 0.04765625 0.04296875
401 0.7484375 0.6359375 0.034375 0.046875
401 0.60234375 0.584375 0.05078125 0.0296875
401 0.4796875 0.57265625 0.0421875 0.03984375
401 0.4875 0.50546875 0.0453125 0.0296875