417 0.50390625 0.22578125 0.61953125 0.34609375
417 0.14921875 0.55234375 0.034375 0.03125
417 0.18828125 0.54375 0.0359375 0.03203125
417 0.23828125 0.553125 0.0390625 0.03203125
417 0.27890625 0.5546875 0.03984375 0.03125
417 0.32265625 0.5546875 0.0390625 0.034375
417 0.36484375 0.55625 0.03984375 0.03671875
417 0.4109375 0.55546875 0.03671875 0.03125
418 0.23203125 0.521875 0.0171875 0.021875
418 0.2765625 0.52421875 0.0171875 0.021875
418 0.31875 0.5234375 0.0171875 0.02109375
418 0.36171875 0.52421875 0.01796875 0.02265625
418 0.4109375 0.52265625 0.015625 0.0203125
418 0.18359375 0.5140625 0.01015625 0.015625
418 0.14453125 0.52109375 0.01015625 0.015625
417 0.26796875 0.76015625 0.03359375 0.02890625
417 0.30546875 0.7546875 0.03515625 0.03125
417 0.34453125 0.759375 0.03515625 0.02734375
417 0.3828125 0.759375 0.03515625 0.0296875
417 0.42421875 0.75859375 0.0359375 0.02734375
418 0.2625 0.73359375 0.01328125 0.01875
418 0.3 0.7296875 0.01484375 0.021875
418 0.3421875 0.734375 0.01484375 0.01875
418 0.3796875 0.734375 0.01484375 0.01875
418 0.42421875 0.73359375 0.0140625 0.01875
417 0.3 0.88828125 0.028125 0.025
417 0.334375 0.8890625 0.03046875 0.021875
417 0.3703125 0.8921875 0.0296875 0.02265625
417 0.4046875 0.8921875 0.0296875 0.02265625
418 0.296875 0.86171875 0.0125 0.015625
418 0.3328125 0.86484375 0.0125 0.015625
418 0.36796875 0.865625 0.0140625 0.015625
418 0.403125 0.8671875 0.01328125 0.0171875
417 0.46484375 0.73828125 0.02109375 0.0171875
417 0.503125 0.73984375 0.0203125 0.01796875
417 0.54453125 0.74296875 0.0203125 0.0203125
417 0.58359375 0.7421875 0.021875 0.01796875
417 0.6234375 0.73984375 0.021875 0.02421875
417 0.66953125 0.7390625 0.02265625 0.021875
417 0.71015625 0.74140625 0.02109375 0.025
417 0.67734375 0.52734375 0.1421875 0.046875
417 0.86328125 0.76171875 0.025 0.02578125
417 0.82265625 0.91015625 0.0296875 0.02421875
417 0.85703125 0.91015625 0.0296875 0.02421875
417 0.821875 0.03515625 0.01484375 0.0171875