303 0.19296875 0.29453125 0.034375 0.14453125
303 0.42734375 0.22109375 0.0421875 0.17578125
303 0.64921875 0.3203125 0.03828125 0.12578125
303 0.8296875 0.36328125 0.03203125 0.109375
303 0.1921875 0.5953125 0.184375 0.03203125
303 0.42890625 0.5890625 0.2296875 0.03828125
303 0.65078125 0.59609375 0.17421875 0.028125
303 0.828125 0.5953125 0.14765625 0.0234375
303 0.14609375 0.528125 0.07578125 0.05859375
303 0.365625 0.5078125 0.0921875 0.071875
303 0.79296875 0.54375 0.05390625 0.046875
303 0.60390625 0.5359375 0.071875 0.06015625