631 0.5609375 0.15859375 0.03828125 0.0578125
631 0.684375 0.06875 0.03828125 0.0625
631 0.8625 0.14765625 0.0453125 0.06015625
631 0.86328125 0.3234375 0.04296875 0.0625
631 0.396875 0.0859375 0.03671875 0.0578125
631 0.39609375 0.24765625 0.03828125 0.0546875
631 0.3953125 0.40859375 0.03984375 0.0578125
631 0.68359375 0.2359375 0.046875 0.0625
631 0.5671875 0.32890625 0.025 0.0671875
631 0.0828125 0.4859375 0.028125 0.0421875
631 0.121875 0.49609375 0.0296875 0.04765625
631 0.159375 0.5046875 0.03203125 0.0453125
631 0.19921875 0.5140625 0.028125 0.0421875
631 0.23984375 0.52109375 0.0296875 0.0421875
631 0.278125 0.53125 0.0296875 0.0421875
631 0.31796875 0.5390625 0.0265625 0.0375
631 0.3578125 0.55 0.03203125 0.03984375
631 0.3984375 0.5578125 0.0265625 0.03984375
631 0.4375 0.56640625 0.03203125 0.0375
631 0.47734375 0.57265625 0.03203125 0.03515625
631 0.51796875 0.5859375 0.0265625 0.0375
631 0.55546875 0.5984375 0.03203125 0.0421875
631 0.5921875 0.6109375 0.028125 0.0421875
631 0.63046875 0.6234375 0.028125 0.0421875
631 0.66796875 0.63515625 0.0296875 0.03984375
631 0.70859375 0.6453125 0.0296875 0.03984375
631 0.746875 0.6546875 0.0265625 0.03984375
631 0.78359375 0.6640625 0.0296875 0.0421875
631 0.825 0.66875 0.0296875 0.0328125
631 0.86171875 0.6703125 0.0265625 0.0296875
631 0.8921875 0.6515625 0.021875 0.0328125