281 0.11875 0.07421875 0.0765625 0.04140625
281 0.2234375 0.13203125 0.0609375 0.03671875
281 0.3734375 0.01328125 0.0328125 0.0265625
281 0.5515625 0.2125 0.0375 0.02265625
281 0.6375 0.22265625 0.03203125 0.0203125
281 0.69765625 0.22734375 0.0296875 0.021875
281 0.7953125 0.2484375 0.02890625 0.01875
281 0.10703125 0.54921875 0.07578125 0.03203125
281 0.2296875 0.5015625 0.06328125 0.0265625
281 0.2765625 0.35078125 0.04296875 0.0203125
281 0.4359375 0.48203125 0.03515625 0.01640625
281 0.54453125 0.496875 0.03671875 0.01953125
281 0.4984375 0.4921875 0.02421875 0.01875
281 0.6296875 0.4859375 0.03515625 0.0203125
281 0.6953125 0.5078125 0.0296875 0.01875
281 0.7890625 0.47421875 0.02890625 0.0140625
281 0.09921875 0.9578125 0.05234375 0.03046875
281 0.16953125 0.93046875 0.04140625 0.0296875
281 0.2234375 0.89296875 0.05703125 0.03203125
281 0.2828125 0.86875 0.046875 0.03046875
281 0.3421875 0.8453125 0.03984375 0.02890625
281 0.384375 0.83125 0.04453125 0.0296875
281 0.45546875 0.7984375 0.034375 0.0234375
281 0.515625 0.7921875 0.0296875 0.0234375
281 0.54921875 0.7796875 0.025 0.0203125
281 0.58828125 0.75546875 0.028125 0.015625
281 0.6484375 0.753125 0.0234375 0.01640625
281 0.6765625 0.74375 0.025 0.01640625
281 0.8078125 0.7 0.0203125 0.01328125
281 0.7578125 0.721875 0.0203125 0.0140625
281 0.41328125 0.91796875 0.0109375 0.06171875
281 0.71015625 0.7625 0.01796875 0.015625
281 0.7375 0.7734375 0.015625 0.0140625
281 0.83984375 0.69453125 0.01796875 0.0109375
281 0.8609375 0.6875 0.021875 0.01015625
281 0.78046875 0.715625 0.01796875 0.0109375
281 0.75859375 0.25859375 0.01484375 0.01328125
281 0.28828125 0.00625 0.04375 0.0125