303 0.29140625 0.33203125 0.0171875 0.11640625
303 0.40078125 0.2859375 0.0171875 0.1546875
303 0.496875 0.24921875 0.02109375 0.178125
303 0.64375 0.3046875 0.01796875 0.13984375
303 0.378125 0.5296875 0.0421875 0.06640625
303 0.46484375 0.5375 0.04921875 0.08515625
303 0.6203125 0.52578125 0.0421875 0.06171875
303 0.26640625 0.51796875 0.02734375 0.05703125
303 0.29140625 0.58203125 0.075 0.03359375
303 0.38984375 0.6125 0.078125 0.03828125
303 0.496875 0.63671875 0.1203125 0.046875
303 0.6453125 0.5984375 0.090625 0.03671875