102 0.27265625 0.1375 0.09609375 0.08671875
101 0.19921875 0.10390625 0.03671875 0.05859375
102 0.43515625 0.54140625 0.02421875 0.103125
102 0.37578125 0.515625 0.02578125 0.11875
102 0.3078125 0.475 0.021875 0.1296875
102 0.18515625 0.48125 0.025 0.13515625
102 0.09453125 0.50625 0.02734375 0.13828125
101 0.08828125 0.6 0.01875 0.04609375
101 0.1828125 0.58046875 0.02109375 0.053125
101 0.3046875 0.56953125 0.01484375 0.04453125
101 0.37578125 0.5984375 0.0203125 0.04609375
101 0.43671875 0.615625 0.021875 0.04453125