675 0.25546875 0.165625 0.06171875 0.08359375
675 0.27734375 0.30625 0.028125 0.0390625
675 0.27578125 0.465625 0.0328125 0.04140625
675 0.54765625 0.46640625 0.0296875 0.04296875
675 0.54765625 0.30625 0.028125 0.04140625
675 0.871875 0.30625 0.02890625 0.040625
675 0.871875 0.46484375 0.0296875 0.04140625
675 0.8765625 0.575 0.02578125 0.0375
677 0.82890625 0.57421875 0.0265625 0.0390625
677 0.83671875 0.465625 0.0296875 0.04140625
677 0.83515625 0.30546875 0.0296875 0.04375
677 0.5140625 0.3046875 0.0296875 0.0421875
677 0.5125 0.46484375 0.0296875 0.03828125
677 0.240625 0.46484375 0.02890625 0.04140625
677 0.240625 0.30546875 0.0296875 0.03984375
655 0.26875 0.8328125 0.0640625 0.01953125
655 0.26953125 0.67109375 0.1171875 0.03125
176 0.5390625 0.796875 0.0171875 0.025
177 0.57421875 0.79296875 0.05 0.0203125
176 0.5015625 0.896875 0.01171875 0.015625
176 0.63046875 0.89765625 0.01171875 0.01640625