500 0.54921875 0.29375 0.0296875 0.15078125
499 0.26953125 0.3109375 0.028125 0.0640625
499 0.0734375 0.290625 0.0296875 0.0640625
499 0.4890625 0.290625 0.08984375 0.1625
499 0.68515625 0.30078125 0.0921875 0.16015625
499 0.815625 0.3515625 0.0671875 0.15078125
500 0.86796875 0.32265625 0.04453125 0.13984375
500 0.74609375 0.30078125 0.0359375 0.1484375
499 0.653125 0.9546875 0.07734375 0.084375
499 0.32578125 0.9546875 0.08671875 0.078125
499 0.0703125 0.95078125 0.0921875 0.0875
500 0.17578125 0.96640625 0.128125 0.0609375
500 0.4328125 0.97109375 0.12109375 0.05234375
500 0.74921875 0.96328125 0.11171875 0.0671875
499 0.95 0.94765625 0.08359375 0.09921875