223 0.1453125 0.47734375 0.1625 0.30546875
385 0.85 0.4796875 0.13828125 0.30078125
385 0.5046875 0.65859375 0.04453125 0.07734375
148 0.553125 0.77109375 0.02421875 0.06953125
385 0.42421875 0.69140625 0.02265625 0.0421875
385 0.3515625 0.62734375 0.01640625 0.0375
385 0.57734375 0.74765625 0.01953125 0.04765625
269 0.6015625 0.7296875 0.02265625 0.0609375
385 0.64375 0.6796875 0.01484375 0.05078125
148 0.37890625 0.5796875 0.03515625 0.0421875
148 0.33046875 0.54140625 0.0296875 0.0453125
269 0.375 0.65859375 0.02265625 0.034375
223 0.440625 0.62890625 0.04296875 0.0828125