469 0.3296875 0.4578125 0.05625 0.03203125
469 0.125 0.26796875 0.0703125 0.028125
469 0.603125 0.56015625 0.08984375 0.02421875
469 0.88828125 0.275 0.08828125 0.03828125
469 0.878125 0.4203125 0.06796875 0.03984375
469 0.8390625 0.5546875 0.07421875 0.034375
469 0.8171875 0.15234375 0.0421875 0.03984375
282 0.25390625 0.94375 0.08828125 0.028125
282 0.04375 0.88515625 0.0875 0.0953125
469 0.70078125 0.403125 0.05 0.04609375
469 0.70234375 0.24375 0.04375 0.04765625
469 0.68984375 0.5328125 0.03984375 0.04609375
469 0.5640625 0.20703125 0.03984375 0.034375