338 0.6703125 0.13984375 0.1609375 0.08203125
536 0.60234375 0.29609375 0.14140625 0.14453125
658 0.78828125 0.2140625 0.05390625 0.06875
338 0.76640625 0.14375 0.0390625 0.0484375
337 0.7921875 0.1234375 0.015625 0.0453125
337 0.690625 0.4609375 0.05 0.09296875
338 0.68515625 0.54296875 0.09296875 0.08515625
658 0.54140625 0.72734375 0.0578125 0.059375
536 0.3375 0.6609375 0.0390625 0.06875
337 0.2703125 0.7046875 0.0375 0.02265625
658 0.33828125 0.57109375 0.046875 0.01796875
541 0.33203125 0.590625 0.05 0.02265625
508 0.325 0.6125 0.0484375 0.021875
279 0.575 0.40625 0.03203125 0.040625
541 0.47734375 0.41328125 0.0390625 0.0328125
535 0.47578125 0.403125 0.025 0.02265625
536 0.4734375 0.3953125 0.01953125 0.0203125