469 0.4 0.36171875 0.0796875 0.09921875
469 0.21328125 0.55703125 0.0421875 0.06875
469 0.15 0.615625 0.04765625 0.071875
469 0.390625 0.5859375 0.0421875 0.0421875
469 0.39609375 0.6875 0.04765625 0.05390625
469 0.5921875 0.83515625 0.06796875 0.0296875
469 0.5078125 0.54921875 0.0640625 0.09609375
469 0.609375 0.52578125 0.065625 0.084375
469 0.67734375 0.696875 0.0421875 0.05390625
469 0.7671875 0.659375 0.03828125 0.0390625
469 0.85390625 0.64296875 0.05625 0.06640625
469 0.29765625 0.5375 0.03984375 0.01796875