536 0.7390625 0.76640625 0.04921875 0.046875
536 0.309375 0.70546875 0.16171875 0.125
338 0.14921875 0.67734375 0.04921875 0.02109375
337 0.11640625 0.6796875 0.02109375 0.02734375
508 0.08984375 0.78125 0.0328125 0.021875
508 0.52734375 0.76015625 0.04140625 0.03203125
337 0.48515625 0.77265625 0.034375 0.03828125
535 0.3203125 0.81640625 0.125 0.11875
541 0.2703125 0.78984375 0.04375 0.04609375
535 0.2203125 0.71328125 0.03046875 0.02109375
508 0.73203125 0.91015625 0.04375 0.021875
279 0.40546875 0.73515625 0.04296875 0.01875
658 0.13828125 0.73671875 0.06171875 0.03828125
658 0.6578125 0.84921875 0.0828125 0.0390625