289 0.19609375 0.28046875 0.06796875 0.05546875
289 0.3484375 0.2875 0.07265625 0.05390625
289 0.4625 0.28828125 0.06640625 0.0546875
289 0.2078125 0.596875 0.0734375 0.0546875
289 0.3640625 0.6015625 0.0671875 0.05546875
289 0.4875 0.59921875 0.0734375 0.0578125
376 0.64375 0.63359375 0.05234375 0.0296875
376 0.64453125 0.3953125 0.053125 0.0296875
376 0.05625 0.471875 0.04921875 0.028125
376 0.06875 0.53984375 0.05546875 0.0359375
376 0.81875 0.3984375 0.05234375 0.028125
376 0.8109375 0.63515625 0.05234375 0.0265625
376 0.9328125 0.58984375 0.0140625 0.0234375
376 0.9875 0.39921875 0.02421875 0.0296875
376 0.90234375 0.55859375 0.03046875 0.0234375
149 0.63671875 0.44765625 0.0984375 0.08828125
149 0.8109375 0.446875 0.0953125 0.08125
149 0.6390625 0.68125 0.09453125 0.07890625
149 0.80078125 0.68203125 0.10078125 0.08046875