357 0.60078125 0.11015625 0.08671875 0.065625
357 0.8453125 0.04609375 0.134375 0.0921875
357 0.8640625 0.828125 0.18203125 0.11953125
357 0.6046875 0.70390625 0.096875 0.07109375
357 0.43046875 0.21796875 0.05546875 0.04609375
357 0.40390625 0.6796875 0.059375 0.05
357 0.2953125 0.65 0.0359375 0.04453125
357 0.13515625 0.61015625 0.021875 0.02734375
357 0.09609375 0.59453125 0.01953125 0.0234375
357 0.1546875 0.30703125 0.0234375 0.02734375
357 0.11875 0.3453125 0.015625 0.01953125
357 0.36484375 0.1421875 0.01640625 0.0171875
357 0.2203125 0.29609375 0.021875 0.02890625
357 0.15546875 0.04140625 0.01953125 0.0328125