321 0.1375 0.3640625 0.16875 0.05703125
321 0.1953125 0.7859375 0.171875 0.07421875
321 0.6609375 0.3703125 0.11875 0.04765625
321 0.86171875 0.37265625 0.1015625 0.03828125
321 0.30390625 0.56796875 0.14140625 0.06015625
321 0.72109375 0.7171875 0.11171875 0.0671875
320 0.78359375 0.3625 0.05234375 0.0796875
320 0.1828125 0.56484375 0.0828125 0.11015625
320 0.04921875 0.79375 0.08828125 0.11796875
320 0.3125 0.35703125 0.06796875 0.1015625
320 0.70546875 0.54453125 0.0546875 0.065625
320 0.56875 0.35703125 0.053125 0.0890625