469 0.634375 0.6984375 0.090625 0.22734375
469 0.12578125 0.59765625 0.0265625 0.0171875
469 0.21796875 0.58671875 0.021875 0.01015625
469 0.2953125 0.578125 0.01796875 0.0109375
469 0.35546875 0.5703125 0.01484375 0.01015625
469 0.12421875 0.815625 0.0234375 0.02421875
469 0.209375 0.7890625 0.0203125 0.0125
469 0.275 0.76796875 0.01640625 0.0171875
469 0.34453125 0.74296875 0.01484375 0.0109375
469 0.40078125 0.7265625 0.01171875 0.0109375
469 0.4140625 0.5640625 0.0109375 0.01015625
469 0.1921875 0.1125 0.01328125 0.0125
469 0.2796875 0.1421875 0.01171875 0.01171875
469 0.3546875 0.16640625 0.01015625 0.00859375
469 0.4171875 0.18828125 0.009375 0.01171875
469 0.18984375 0.34375 0.0140625 0.0078125
469 0.275 0.35390625 0.0109375 0.0078125
469 0.34765625 0.36171875 0.01015625 0.0078125
469 0.45234375 0.375 0.009375 0.0078125
469 0.459375 0.203125 0.01015625 0.0109375