541 0.1078125 0.71875 0.075 0.04296875
337 0.109375 0.93203125 0.0515625 0.04921875
338 0.11015625 0.97265625 0.0796875 0.0203125
535 0.6015625 0.853125 0.0734375 0.10390625
536 0.83046875 0.815625 0.08203125 0.13828125
536 0.9015625 0.59375 0.03671875 0.04609375
535 0.67421875 0.14296875 0.06171875 0.04296875
536 0.6828125 0.10625 0.06171875 0.034375
498 0.378125 0.62421875 0.05 0.04921875
536 0.2484375 0.78671875 0.0796875 0.09765625
658 0.2203125 0.590625 0.05703125 0.0578125
536 0.36484375 0.7578125 0.05703125 0.0921875
498 0.10078125 0.8546875 0.078125 0.04921875
536 0.5921875 0.796875 0.0546875 0.11796875
338 0.23828125 0.47109375 0.05 0.1296875