89 0.88359375 0.18515625 0.1015625 0.06171875
89 0.12890625 0.13359375 0.11640625 0.0640625
89 0.88203125 0.67421875 0.21328125 0.08359375
89 0.1265625 0.68828125 0.23984375 0.090625
89 0.6 0.6796875 0.2796875 0.14765625
89 0.32578125 0.66328125 0.096875 0.1234375
90 0.43515625 0.5078125 0.01953125 0.015625
90 0.37578125 0.51875 0.015625 0.01953125
90 0.47109375 0.52421875 0.01328125 0.01796875
90 0.49375 0.49921875 0.01796875 0.015625
90 0.54609375 0.49375 0.01796875 0.01796875
90 0.5296875 0.51640625 0.015625 0.015625
90 0.58828125 0.5078125 0.01796875 0.0109375
90 0.60234375 0.4859375 0.015625 0.015625
90 0.6453125 0.49921875 0.01796875 0.015625