303 0.76796875 0.16015625 0.05546875 0.16484375
303 0.553125 0.071875 0.040625 0.14375
303 0.2671875 0.240625 0.021875 0.115625
303 0.52734375 0.53125 0.26171875 0.065625
303 0.77890625 0.5296875 0.24375 0.05
303 0.07578125 0.53125 0.1375 0.05078125
303 0.225 0.5328125 0.090625 0.03515625
303 0.9359375 0.53203125 0.07109375 0.0234375
303 0.2328125 0.459375 0.075 0.0578125
303 0.08671875 0.42265625 0.1109375 0.08203125
303 0.50625 0.38671875 0.159375 0.1140625
303 0.721875 0.4296875 0.1109375 0.0859375