320 0.8265625 0.46015625 0.04296875 0.04453125
320 0.740625 0.50078125 0.06171875 0.06015625
321 0.74140625 0.5453125 0.06640625 0.02421875
321 0.825 0.4859375 0.04296875 0.0203125
320 0.628125 0.73203125 0.0765625 0.08671875
321 0.625 0.7875 0.0765625 0.0421875
320 0.23984375 0.63203125 0.03359375 0.0421875
320 0.12109375 0.61875 0.03515625 0.05546875
321 0.12265625 0.6578125 0.03828125 0.0265625
321 0.2375 0.66015625 0.03515625 0.021875
320 0.3453125 0.5578125 0.03359375 0.04453125
321 0.3453125 0.5859375 0.03671875 0.0203125
320 0.2265625 0.46015625 0.03359375 0.04921875
321 0.22734375 0.49140625 0.03203125 0.01796875
320 0.4390625 0.4421875 0.028125 0.0359375
320 0.44296875 0.56328125 0.0203125 0.0375
320 0.43359375 0.2921875 0.0203125 0.02890625