426 0.07734375 0.21015625 0.02734375 0.10390625
427 0.1828125 0.15 0.13984375 0.128125
425 0.325 0.09453125 0.084375 0.1890625
426 0.03671875 0.50390625 0.015625 0.0578125
425 0.12265625 0.4890625 0.02890625 0.053125
426 0.209375 0.4953125 0.0203125 0.05546875
425 0.26484375 0.51171875 0.03046875 0.04609375
426 0.34921875 0.43125 0.0234375 0.06796875
425 0.5109375 0.40234375 0.05 0.07734375
426 0.6359375 0.41171875 0.01953125 0.07265625
425 0.67734375 0.44921875 0.0234375 0.05546875
426 0.7984375 0.15546875 0.02265625 0.13046875
427 0.853125 0.234375 0.0609375 0.15234375
425 0.8984375 0.33671875 0.03046875 0.09140625