499 0.53359375 0.5171875 0.19921875 0.42890625
499 0.75 0.5390625 0.17734375 0.4140625
500 0.72890625 0.83359375 0.1515625 0.11640625
500 0.51953125 0.8265625 0.171875 0.11953125
500 0.26953125 0.77265625 0.09140625 0.0953125
500 0.1453125 0.70390625 0.05546875 0.07421875
499 0.08671875 0.64921875 0.03671875 0.05859375
499 0.2796875 0.5140625 0.115625 0.33515625
499 0.1515625 0.49140625 0.06953125 0.26015625
499 0.09140625 0.484375 0.0484375 0.20859375
499 0.04765625 0.40625 0.0375 0.175
499 0.01484375 0.41328125 0.0265625 0.14375