400 0.32109375 0.528125 0.0578125 0.04375
400 0.5734375 0.48203125 0.06484375 0.040625
401 0.3421875 0.68671875 0.01328125 0.0125
400 0.5140625 0.7640625 0.01796875 0.01953125
401 0.2171875 0.66640625 0.01171875 0.0296875
401 0.2453125 0.6953125 0.01328125 0.03125
401 0.190625 0.6390625 0.01015625 0.028125
401 0.21953125 0.7421875 0.01171875 0.0296875
401 0.246875 0.77265625 0.01171875 0.03125
401 0.19453125 0.71328125 0.01171875 0.028125
401 0.16875 0.684375 0.009375 0.028125
401 0.14609375 0.6578125 0.009375 0.02734375
401 0.12421875 0.6328125 0.0109375 0.0265625
401 0.14453125 0.5890625 0.009375 0.02734375
401 0.1671875 0.6125 0.01015625 0.02734375
401 0.121875 0.5640625 0.009375 0.02734375
401 0.315625 0.703125 0.02421875 0.02734375
401 0.39296875 0.684375 0.02578125 0.0296875
401 0.31640625 0.7796875 0.02578125 0.03125
401 0.3921875 0.7609375 0.02421875 0.03125
401 0.46484375 0.66796875 0.02265625 0.0296875
401 0.46484375 0.74296875 0.025 0.02890625
401 0.53671875 0.65078125 0.0203125 0.02734375
401 0.73515625 0.678125 0.02109375 0.02734375
401 0.73515625 0.60703125 0.021875 0.028125
401 0.79765625 0.59296875 0.02109375 0.0265625
401 0.796875 0.6640625 0.0203125 0.0265625
401 0.85703125 0.64921875 0.0203125 0.02578125
401 0.8578125 0.5796875 0.01875 0.0265625
400 0.67109375 0.61953125 0.01875 0.025
400 0.671875 0.69375 0.021875 0.02734375
401 0.84375 0.57265625 0.00859375 0.01015625
400 0.37890625 0.57734375 0.0390625 0.02734375
400 0.64609375 0.525 0.034375 0.02421875
401 0.5 0.153125 0.01171875 0.00703125