119 0.2609375 0.459375 0.23828125 0.1109375
119 0.78203125 0.36953125 0.33359375 0.2609375
118 0.17734375 0.28125 0.03203125 0.06953125
118 0.2578125 0.2875 0.03203125 0.0640625
118 0.32578125 0.28984375 0.028125 0.06796875
118 0.41484375 0.29453125 0.0296875 0.06171875
118 0.1875 0.6125 0.025 0.06015625
118 0.2546875 0.628125 0.0265625 0.05625
118 0.3328125 0.6375 0.025 0.06015625
118 0.40390625 0.64453125 0.025 0.05234375
324 0.41953125 0.83671875 0.078125 0.04140625
119 0.2015625 0.3609375 0.0796875 0.04140625
119 0.27890625 0.36640625 0.071875 0.0375
119 0.35546875 0.37421875 0.075 0.04140625
119 0.43359375 0.37890625 0.0765625 0.04296875
119 0.2078125 0.69140625 0.06796875 0.0453125
119 0.278125 0.70546875 0.0703125 0.04296875
119 0.35078125 0.7203125 0.078125 0.04140625
119 0.42890625 0.7328125 0.078125 0.04140625