303 0.4421875 0.1328125 0.21875 0.121875
303 0.0796875 0.5921875 0.11484375 0.04375
303 0.9359375 0.0796875 0.11796875 0.02421875
303 0.49140625 0.85390625 0.08671875 0.1203125
303 0.11796875 0.71875 0.16796875 0.034375
303 0.83046875 0.60390625 0.1484375 0.03203125
303 0.66640625 0.6140625 0.11796875 0.04765625
303 0.96328125 0.603125 0.06171875 0.02578125
303 0.23828125 0.4953125 0.06171875 0.19375
303 0.0953125 0.95 0.190625 0.03984375
303 0.759375 0.60625 0.06171875 0.171875
303 0.7453125 0.33203125 0.078125 0.06796875
303 0.4890625 0.0546875 0.13203125 0.03828125
303 0.921875 0.778125 0.1515625 0.03984375
303 0.69921875 0.96875 0.07578125 0.0296875
303 0.1921875 0.84609375 0.12578125 0.03984375
303 0.04921875 0.01875 0.09765625 0.034375