688 0.84921875 0.26640625 0.071875 0.0640625
688 0.94765625 0.2625 0.0734375 0.0640625
688 0.7453125 0.27578125 0.0671875 0.0640625
281 0.45859375 0.18125 0.06015625 0.0484375
281 0.66171875 0.1859375 0.04140625 0.03828125
281 0.75625 0.2609375 0.0375 0.02890625
281 0.8703125 0.246875 0.02890625 0.03203125
281 0.97109375 0.240625 0.02421875 0.03203125
281 0.046875 0.21171875 0.0734375 0.0578125
281 0.2 0.22265625 0.11171875 0.0609375
478 0.7453125 0.384375 0.05 0.0578125
478 0.85078125 0.378125 0.05859375 0.0515625
478 0.94921875 0.371875 0.05625 0.0578125