491 0.73359375 0.31796875 0.08671875 0.09296875
491 0.73515625 0.5921875 0.06328125 0.14921875
491 0.97421875 0.6234375 0.0484375 0.20234375
491 0.65 0.88671875 0.09296875 0.12421875
491 0.50234375 0.82890625 0.06484375 0.0890625
491 0.3890625 0.78984375 0.0515625 0.0734375
491 0.525 0.57109375 0.06640625 0.084375
491 0.403125 0.5625 0.05 0.06640625
491 0.6375 0.33203125 0.05859375 0.05546875
491 0.6296875 0.1046875 0.06015625 0.053125
491 0.43828125 0.18203125 0.046875 0.053125
491 0.81484375 0.05234375 0.053125 0.1046875
491 0.3296875 0.5546875 0.03984375 0.05078125
491 0.315625 0.74453125 0.03828125 0.0578125