303 0.4953125 0.125 0.175 0.025
303 0.5 0.5578125 0.02890625 0.1015625
303 0.61875 0.6078125 0.025 0.07265625
303 0.7828125 0.6421875 0.0234375 0.06171875
303 0.325 0.63359375 0.0171875 0.06328125
303 0.1203125 0.6453125 0.01953125 0.05234375
303 0.496875 0.8390625 0.1203125 0.021875
303 0.61953125 0.81171875 0.08515625 0.01640625
303 0.32734375 0.7984375 0.07578125 0.0140625
303 0.7796875 0.79453125 0.06796875 0.0125
303 0.18671875 0.65625 0.015625 0.046875
303 0.1203125 0.790625 0.06640625 0.0125
303 0.18359375 0.78515625 0.05234375 0.0125
303 0.49921875 0.940625 0.9984375 0.11640625