401 0.334375 0.478125 0.04453125 0.0328125
401 0.69609375 0.4609375 0.046875 0.03125
401 0.35546875 0.596875 0.04375 0.0453125
401 0.48125 0.58984375 0.0421875 0.0421875
401 0.603125 0.58203125 0.04296875 0.04296875
401 0.72421875 0.57578125 0.040625 0.04296875
401 0.359375 0.72890625 0.040625 0.046875
401 0.4890625 0.71953125 0.040625 0.0453125
401 0.60703125 0.709375 0.040625 0.0421875
401 0.728125 0.7015625 0.0375 0.0421875
401 0.70546875 0.78984375 0.03828125 0.01875
401 0.57421875 0.4671875 0.03515625 0.03125
401 0.22734375 0.59765625 0.0171875 0.0484375
401 0.228125 0.7234375 0.021875 0.046875
401 0.19609375 0.5671875 0.01328125 0.04375