675 0.53203125 0.2515625 0.05 0.07109375
677 0.36640625 0.26015625 0.03515625 0.0671875
655 0.52265625 0.61328125 0.0953125 0.0328125
655 0.36640625 0.615625 0.0671875 0.0359375
677 0.3484375 0.4765625 0.0234375 0.03125
675 0.36875 0.47109375 0.01640625 0.034375
677 0.52578125 0.35234375 0.02421875 0.03203125
675 0.5546875 0.35859375 0.021875 0.034375
677 0.5265625 0.465625 0.025 0.0296875
675 0.553125 0.4734375 0.021875 0.03046875
677 0.70546875 0.40703125 0.01875 0.0296875
675 0.72734375 0.4140625 0.01484375 0.025
677 0.70546875 0.50703125 0.0203125 0.0296875
675 0.725 0.5125 0.0171875 0.02734375
677 0.86640625 0.459375 0.0140625 0.025
675 0.88125 0.4640625 0.015625 0.0265625
675 0.88203125 0.5515625 0.0140625 0.02265625
677 0.86640625 0.54609375 0.01484375 0.0234375
677 0.8609375 0.6046875 0.01484375 0.01953125
675 0.88203125 0.6078125 0.015625 0.0203125
177 0.73359375 0.715625 0.03125 0.0140625
176 0.7140625 0.71796875 0.009375 0.01640625
655 0.0859375 0.66875 0.0328125 0.0203125
655 0.36484375 0.7296875 0.0421875 0.01484375