401 0.28125 0.62109375 0.03125 0.034375
401 0.36875 0.5359375 0.03203125 0.02734375
401 0.38359375 0.7140625 0.0328125 0.0375
401 0.28671875 0.7171875 0.0375 0.03515625
401 0.38203125 0.80625 0.034375 0.02734375
401 0.28515625 0.8109375 0.03046875 0.03046875
401 0.54921875 0.53125 0.02734375 0.02734375
401 0.66875 0.70546875 0.0296875 0.03203125
401 0.753125 0.70078125 0.0328125 0.03359375
401 0.746875 0.60859375 0.0296875 0.03359375
401 0.7328125 0.52578125 0.03203125 0.02421875
401 0.6609375 0.60859375 0.0375 0.034375
401 0.56484375 0.796875 0.01875 0.025