385 0.08984375 0.23984375 0.0703125 0.046875
385 0.1734375 0.1984375 0.04765625 0.05703125
385 0.29609375 0.18203125 0.07734375 0.05
385 0.01484375 0.26015625 0.0296875 0.06640625
385 0.41484375 0.13828125 0.0796875 0.06328125
385 0.55390625 0.11640625 0.0921875 0.06015625
385 0.6796875 0.06171875 0.0953125 0.06328125
385 0.80625 0.0703125 0.0875 0.08671875
385 0.1640625 0.56328125 0.0875 0.1265625
385 0.04765625 0.5734375 0.0953125 0.1203125
385 0.3296875 0.528125 0.11015625 0.1296875
385 0.47109375 0.521875 0.0921875 0.13671875
385 0.66484375 0.46640625 0.125 0.146875
385 0.87265625 0.46015625 0.125 0.146875