535 0.51171875 0.409375 0.13671875 0.2625
535 0.66171875 0.3609375 0.1421875 0.09375
535 0.8234375 0.3671875 0.1203125 0.08125
536 0.83828125 0.44140625 0.08359375 0.07421875
536 0.66640625 0.4453125 0.1 0.06171875
536 0.46875 0.1890625 0.07265625 0.06796875
536 0.334375 0.19921875 0.08359375 0.0546875
536 0.2 0.19609375 0.0875 0.06171875
535 0.23203125 0.42421875 0.11484375 0.2265625
535 0.3703125 0.41875 0.1328125 0.275
535 0.0546875 0.4109375 0.109375 0.25234375
535 0.94296875 0.30546875 0.10703125 0.08125