376 0.5078125 0.121875 0.0359375 0.0265625
376 0.08203125 0.2484375 0.0203125 0.0140625
376 0.17265625 0.18359375 0.021875 0.01640625
376 0.13515625 0.11484375 0.0203125 0.01640625
376 0.25390625 0.23359375 0.01484375 0.0125
376 0.2578125 0.1703125 0.0203125 0.0109375
376 0.071875 0.453125 0.021875 0.01640625
376 0.1234375 0.4765625 0.0203125 0.015625
376 0.1796875 0.4234375 0.01875 0.01328125
376 0.11875 0.42734375 0.01953125 0.01640625
376 0.0328125 0.5359375 0.0203125 0.01796875
376 0.078125 0.55625 0.01953125 0.0140625
376 0.07578125 0.675 0.0234375 0.0140625
376 0.1984375 0.66484375 0.02578125 0.01875
376 0.24140625 0.58046875 0.0234375 0.0140625
376 0.19375 0.6171875 0.0171875 0.0140625
376 0.225 0.53828125 0.015625 0.01640625
376 0.30234375 0.403125 0.02109375 0.0109375
376 0.36953125 0.4015625 0.0203125 0.0125
376 0.3765625 0.4875 0.02734375 0.0140625
376 0.29921875 0.48359375 0.0234375 0.0109375
376 0.28828125 0.559375 0.0234375 0.0140625
376 0.371875 0.5671875 0.0234375 0.01640625
376 0.2796875 0.66640625 0.0265625 0.0140625
376 0.35703125 0.6828125 0.0265625 0.01640625
376 0.46796875 0.45078125 0.0265625 0.0140625
376 0.45625 0.53046875 0.0234375 0.01875
376 0.4640625 0.58203125 0.025 0.01328125
376 0.4390625 0.68515625 0.0296875 0.01640625
376 0.5484375 0.48359375 0.0296875 0.015625
376 0.54296875 0.56640625 0.02421875 0.015625
376 0.52890625 0.703125 0.02890625 0.01875
376 0.64375 0.43046875 0.0234375 0.0125
376 0.63671875 0.5125 0.03046875 0.015625
376 0.6171875 0.6328125 0.034375 0.02109375
376 0.609375 0.73125 0.0296875 0.0203125
376 0.63125 0.603125 0.02890625 0.01328125
376 0.7203125 0.4375 0.025 0.0125
376 0.71875 0.5296875 0.03125 0.0140625
376 0.715625 0.63046875 0.0328125 0.02109375
376 0.709375 0.74296875 0.03671875 0.0265625
376 0.803125 0.43359375 0.0265625 0.0140625
376 0.809375 0.5265625 0.03203125 0.015625
376 0.8078125 0.63203125 0.0359375 0.0234375
376 0.803125 0.78203125 0.03828125 0.02421875
376 0.9578125 0.50078125 0.03359375 0.01796875
376 0.96640625 0.5953125 0.0359375 0.02109375
376 0.70625 0.24296875 0.05078125 0.034375
376 0.70625 0.096875 0.0546875 0.0359375
376 0.865625 0.17265625 0.02578125 0.01875
376 0.86171875 0.25078125 0.0421875 0.02578125
376 0.98125 0.246875 0.03515625 0.021875
376 0.5140625 0.2671875 0.03671875 0.028125
376 0.96875 0.85859375 0.0328125 0.02421875