469 0.253125 0.20390625 0.01796875 0.0140625
469 0.13515625 0.21015625 0.01484375 0.0203125
469 0.19921875 0.784375 0.02734375 0.05546875
469 0.24765625 0.775 0.03203125 0.0984375
469 0.15 0.775 0.0234375 0.04140625
469 0.14921875 0.734375 0.01796875 0.02578125
469 0.14765625 0.60078125 0.015625 0.0234375
469 0.146875 0.4875 0.0171875 0.021875
469 0.14453125 0.36875 0.0171875 0.0234375
469 0.48203125 0.178125 0.02890625 0.021875
469 0.5703125 0.80859375 0.03984375 0.08125
469 0.484375 0.88125 0.040625 0.03984375
469 0.4875 0.675 0.028125 0.02578125
469 0.4859375 0.83359375 0.028125 0.025
469 0.74296875 0.29375 0.02109375 0.01875
469 0.75078125 0.459375 0.021875 0.0234375
469 0.74921875 0.5765625 0.02265625 0.025
469 0.7484375 0.6953125 0.02109375 0.025
469 0.74765625 0.83046875 0.0203125 0.02734375
469 0.74765625 0.871875 0.02890625 0.04453125
469 0.81640625 0.87578125 0.03984375 0.05390625
469 0.80625 0.12578125 0.0171875 0.13203125
469 0.840625 0.38359375 0.01796875 0.0203125
469 0.83515625 0.62890625 0.01640625 0.021875
469 0.8546875 0.8515625 0.01484375 0.10625
469 0.87265625 0.78515625 0.01328125 0.09375