165 0.75390625 0.2296875 0.0453125 0.0453125
165 0.90546875 0.2921875 0.08515625 0.0484375
165 0.7984375 0.3125 0.06796875 0.034375
165 0.75625 0.51796875 0.0453125 0.03515625
165 0.76015625 0.80234375 0.04609375 0.03984375
165 0.88515625 0.93515625 0.06640625 0.07734375
165 0.571875 0.3609375 0.05 0.02578125
165 0.5765625 0.5953125 0.04609375 0.03359375
165 0.5765625 0.8078125 0.03984375 0.040625
165 0.66015625 0.8515625 0.05703125 0.04765625
165 0.53046875 0.51171875 0.02421875 0.02734375
165 0.5328125 0.71796875 0.02421875 0.03046875
165 0.54140625 0.92890625 0.02421875 0.0375
165 0.40859375 0.34921875 0.015625 0.02421875
165 0.40703125 0.51640625 0.01640625 0.02109375
165 0.41328125 0.6796875 0.0171875 0.02421875
165 0.4140625 0.846875 0.01796875 0.02734375
165 0.47890625 0.3859375 0.028125 0.02421875
165 0.48828125 0.57421875 0.02265625 0.02734375
165 0.49140625 0.75546875 0.0203125 0.0265625
165 0.49296875 0.946875 0.01953125 0.02734375
165 0.28203125 0.36953125 0.02578125 0.01796875
707 0.66796875 0.2421875 0.02890625 0.046875
707 0.67734375 0.5078125 0.03125 0.0359375
707 0.678125 0.77421875 0.02890625 0.03125
707 0.56640625 0.4328125 0.05546875 0.04296875
707 0.5984375 0.2046875 0.0359375 0.06640625
707 0.58046875 0.67265625 0.04453125 0.03984375
707 0.6515625 0.6859375 0.04765625 0.0484375
707 0.58203125 0.88828125 0.04609375 0.0375
524 0.2796875 0.43671875 0.0203125 0.02109375
524 0.284375 0.4765625 0.01875 0.01875
524 0.28984375 0.5765625 0.01875 0.0171875
524 0.28046875 0.53359375 0.01640625 0.01640625
524 0.26171875 0.8234375 0.0140625 0.01328125
524 0.2390625 0.803125 0.01171875 0.015625
524 0.25546875 0.721875 0.0125 0.015625
524 0.2546875 0.53046875 0.0125 0.01328125
524 0.265625 0.9171875 0.0109375 0.01484375
524 0.265625 0.721875 0.01328125 0.01484375
524 0.240625 0.709375 0.01171875 0.0109375
524 0.30234375 0.528125 0.0125 0.01484375