102 0.3703125 0.18203125 0.10703125 0.065625
101 0.29296875 0.16328125 0.0390625 0.05234375
102 0.609375 0.76328125 0.06484375 0.02578125
101 0.56171875 0.765625 0.02421875 0.0296875
102 0.43203125 0.68671875 0.01640625 0.06015625
102 0.49765625 0.6796875 0.01640625 0.06015625
102 0.5671875 0.68203125 0.0140625 0.05703125
102 0.60234375 0.68828125 0.01171875 0.05703125
102 0.6328125 0.6921875 0.0125 0.05390625
101 0.43125 0.72890625 0.01484375 0.01875
101 0.49765625 0.7234375 0.01640625 0.02265625
101 0.5671875 0.72734375 0.01484375 0.02734375
101 0.603125 0.7265625 0.0125 0.0203125
101 0.63203125 0.7296875 0.0125 0.02734375