304 0.39609375 0.30390625 0.12421875 0.0703125
304 0.0765625 0.15546875 0.0609375 0.0640625
304 0.2515625 0.3125 0.0859375 0.1328125
304 0.17734375 0.86171875 0.16328125 0.06484375
304 0.27109375 0.53828125 0.1265625 0.0328125
304 0.5 0.68359375 0.06171875 0.1765625
304 0.75703125 0.33125 0.06484375 0.13984375
304 0.44921875 0.0640625 0.1140625 0.0578125
304 0.2921875 0.13515625 0.0984375 0.05
304 0.96015625 0.65234375 0.07734375 0.10390625
304 0.7796875 0.1609375 0.04375 0.10390625
304 0.27109375 0.0359375 0.07578125 0.03984375