500 0.63984375 0.4796875 0.1359375 0.05390625
499 0.721875 0.4796875 0.03125 0.05859375
499 0.5515625 0.48515625 0.03125 0.05625
499 0.69375 0.62421875 0.021875 0.05625
499 0.82734375 0.60546875 0.0296875 0.05859375
500 0.803125 0.5515625 0.084375 0.04921875
500 0.66875 0.56484375 0.075 0.05859375
500 0.34765625 0.39765625 0.0859375 0.078125
500 0.39765625 0.38828125 0.0265625 0.21953125
499 0.371875 0.4890625 0.028125 0.0984375
500 0.06796875 0.29921875 0.0390625 0.1953125
499 0.14140625 0.44375 0.0578125 0.08515625
500 0.71640625 0.55078125 0.0734375 0.03359375