426 0.7453125 0.35390625 0.096875 0.1828125
426 0.62109375 0.22890625 0.1015625 0.19765625
426 0.8 0.12421875 0.0875 0.11796875
172 0.92578125 0.5328125 0.0609375 0.09140625
172 0.81015625 0.59765625 0.0640625 0.0734375
426 0.2921875 0.290625 0.059375 0.103125
426 0.41953125 0.03515625 0.0546875 0.0703125
426 0.55625 0.04609375 0.05625 0.09140625
172 0.90625 0.08671875 0.040625 0.05625
172 0.8359375 0.28203125 0.0375 0.05
172 0.9515625 0.2421875 0.034375 0.04140625
172 0.7203125 0.153125 0.040625 0.046875