452 0.16640625 0.13984375 0.0515625 0.05546875
452 0.07265625 0.39765625 0.1234375 0.10546875
452 0.2109375 0.3625 0.03515625 0.04375
452 0.30703125 0.42421875 0.04296875 0.02109375
452 0.32890625 0.6375 0.040625 0.02578125
452 0.43671875 0.41171875 0.04375 0.01875
452 0.5359375 0.43046875 0.0421875 0.025
452 0.42734375 0.51640625 0.0390625 0.0390625
452 0.48046875 0.69296875 0.08984375 0.1
452 0.36953125 0.86484375 0.02109375 0.04140625
452 0.2953125 0.85390625 0.02734375 0.028125
452 0.24296875 0.83671875 0.03125 0.01328125
452 0.1796875 0.85078125 0.0234375 0.021875
452 0.68125 0.5078125 0.1 0.071875
452 0.79765625 0.703125 0.09375 0.0921875
410 0.76484375 0.1984375 0.0875 0.05
410 0.9171875 0.3265625 0.084375 0.07578125