469 0.5421875 0.46875 0.025 0.0203125
469 0.51953125 0.1859375 0.02109375 0.02734375
225 0.021875 0.44765625 0.02109375 0.02265625
225 0.0484375 0.44921875 0.02109375 0.025
225 0.0171875 0.115625 0.025 0.02734375
225 0.046875 0.12109375 0.02109375 0.03203125
225 0.1859375 0.159375 0.0171875 0.025
225 0.02890625 0.78671875 0.025 0.02265625
225 0.0859375 0.76953125 0.0234375 0.02265625
225 0.10859375 0.7640625 0.0203125 0.02265625
225 0.15625 0.75078125 0.0171875 0.0203125
225 0.22109375 0.73203125 0.0171875 0.02265625
225 0.09765625 0.134375 0.0203125 0.0296875