400 0.52890625 0.48046875 0.05078125 0.01015625
401 0.421875 0.5671875 0.0375 0.04375
401 0.3109375 0.56953125 0.0375 0.040625
401 0.31328125 0.69296875 0.03671875 0.0421875
401 0.42578125 0.69296875 0.03671875 0.04296875
401 0.53515625 0.6875 0.0328125 0.04140625
401 0.5296875 0.56328125 0.03515625 0.03984375
401 0.63515625 0.5578125 0.03515625 0.03984375
401 0.71171875 0.55 0.02265625 0.03984375
401 0.6390625 0.6796875 0.03125 0.03984375
401 0.72265625 0.66953125 0.021875 0.04140625
401 0.53046875 0.8015625 0.0375 0.02734375
401 0.6375 0.7953125 0.03828125 0.028125
401 0.72890625 0.7859375 0.02578125 0.0328125
401 0.42421875 0.809375 0.03515625 0.02890625
401 0.31640625 0.8109375 0.03203125 0.0375