535 0.3 0.39609375 0.265625 0.0765625
535 0.77109375 0.3875 0.2546875 0.06875
535 0.69609375 0.15859375 0.2046875 0.04609375
535 0.32734375 0.1640625 0.2078125 0.05625
535 0.309375 0.65859375 0.321875 0.11015625
535 0.784375 0.65 0.315625 0.1125
535 0.4 0.8609375 0.225 0.0640625
536 0.671875 0.8671875 0.275 0.10234375
536 0.759375 0.73515625 0.165625 0.0640625
536 0.31875 0.74921875 0.16875 0.071875
536 0.75703125 0.32578125 0.1328125 0.0484375
536 0.3109375 0.33359375 0.14375 0.0484375
536 0.6875 0.12109375 0.1 0.03359375
536 0.3375 0.125 0.103125 0.03046875