357 0.21171875 0.23984375 0.0609375 0.02265625
357 0.1953125 0.61640625 0.05625 0.02734375
357 0.1421875 0.6125 0.025 0.01328125
357 0.30703125 0.565625 0.01796875 0.0140625
357 0.3484375 0.57109375 0.046875 0.02421875
357 0.365625 0.628125 0.053125 0.021875
357 0.16875 0.55703125 0.0359375 0.0203125
357 0.22109375 0.5578125 0.03828125 0.015625
357 0.25625 0.54921875 0.025 0.01171875
357 0.3265625 0.5171875 0.03125 0.0171875
357 0.36875 0.5171875 0.0296875 0.01484375
357 0.40078125 0.5078125 0.028125 0.01484375
357 0.42421875 0.49765625 0.015625 0.01328125
357 0.58828125 0.59765625 0.04609375 0.02578125
357 0.76328125 0.58515625 0.0390625 0.021875
357 0.8171875 0.63984375 0.05 0.02265625
357 0.64453125 0.22578125 0.059375 0.02265625
357 0.13828125 0.5609375 0.015625 0.0078125
357 0.303125 0.52109375 0.009375 0.00625
357 0.128125 0.56875 0.0109375 0.00703125
357 0.2953125 0.52578125 0.009375 0.00625