303 0.15546875 0.77890625 0.07734375 0.04609375
303 0.28359375 0.7796875 0.07734375 0.03984375
303 0.41484375 0.7796875 0.08203125 0.03984375
303 0.54453125 0.7796875 0.07734375 0.03984375
303 0.67421875 0.7796875 0.07578125 0.03515625
303 0.8046875 0.78046875 0.08125 0.04140625
303 0.1546875 0.23515625 0.01875 0.1984375
303 0.28515625 0.23828125 0.01796875 0.1921875
303 0.415625 0.23671875 0.015625 0.19453125
303 0.5453125 0.2359375 0.01796875 0.1921875
303 0.675 0.2359375 0.01796875 0.19609375
303 0.8046875 0.23515625 0.01796875 0.1984375