507 0.18046875 0.26171875 0.11640625 0.11328125
507 0.3796875 0.55703125 0.05078125 0.02421875
570 0.09140625 0.76640625 0.06796875 0.03125
507 0.403125 0.59296875 0.02109375 0.0078125
507 0.2125 0.60625 0.01796875 0.0078125
507 0.2109375 0.6375 0.0203125 0.00703125
507 0.209375 0.66640625 0.0203125 0.00703125
507 0.2109375 0.6953125 0.02109375 0.00625
507 0.21328125 0.725 0.021875 0.00703125
507 0.1546875 0.70078125 0.021875 0.00703125
507 0.15625 0.7296875 0.0203125 0.00625
507 0.15546875 0.67109375 0.0203125 0.00703125
507 0.1546875 0.64140625 0.02109375 0.00625
507 0.1375 0.6046875 0.01796875 0.0078125
507 0.1609375 0.60390625 0.01953125 0.0078125
507 0.80859375 0.603125 0.0328125 0.009375
507 0.75703125 0.665625 0.0234375 0.0078125
507 0.8 0.66796875 0.02421875 0.00859375
507 0.8015625 0.71953125 0.0234375 0.0078125
507 0.84609375 0.7234375 0.02421875 0.009375
507 0.75625 0.7171875 0.021875 0.009375
507 0.58984375 0.571875 0.0171875 0.00625
507 0.6328125 0.57421875 0.0171875 0.00625
507 0.6578125 0.575 0.0171875 0.0046875
507 0.68515625 0.575 0.01796875 0.0046875
507 0.71171875 0.57421875 0.01953125 0.00546875