400 0.275 0.3953125 0.0453125 0.046875
400 0.74375 0.396875 0.0421875 0.04375
401 0.4296875 0.68828125 0.046875 0.04765625
401 0.5203125 0.59296875 0.0453125 0.0375
401 0.17421875 0.67890625 0.02265625 0.04921875
401 0.19921875 0.55859375 0.025 0.0453125
401 0.49609375 0.4890625 0.04296875 0.03828125
401 0.41875 0.56953125 0.0375 0.04375
401 0.54765625 0.6984375 0.04296875 0.03515625
401 0.6703125 0.684375 0.03984375 0.04296875
401 0.78125 0.67578125 0.03828125 0.04296875
401 0.64375 0.571875 0.04765625 0.03515625
401 0.76015625 0.55234375 0.040625 0.03984375
401 0.61875 0.4625 0.0375 0.0453125
401 0.73515625 0.4359375 0.03046875 0.0359375
400 0.3140625 0.7515625 0.02578125 0.00625
400 0.31171875 0.75 0.06484375 0.06328125