387 0.16015625 0.046875 0.27421875 0.04296875
585 0.54921875 0.03671875 0.08515625 0.01171875
584 0.74609375 0.16015625 0.0875 0.02734375
585 0.74921875 0.16015625 0.07265625 0.01015625
387 0.8890625 0.20078125 0.14140625 0.02109375
387 0.3203125 0.28125 0.1953125 0.0296875
585 0.62109375 0.28203125 0.07890625 0.0078125
585 0.26171875 0.4171875 0.20390625 0.01484375
585 0.4359375 0.4765625 0.20390625 0.0171875
585 0.5671875 0.55078125 0.31171875 0.01796875
585 0.61796875 0.63984375 0.30546875 0.02109375
585 0.98046875 0.48515625 0.0390625 0.009375
585 0.77890625 0.5015625 0.1 0.0109375
584 0.78046875 0.50078125 0.09765625 0.03125