376 0.07265625 0.3375 0.0171875 0.01875
376 0.159375 0.29375 0.01171875 0.01328125
376 0.17265625 0.48359375 0.01953125 0.02734375
376 0.084375 0.453125 0.0328125 0.0296875
376 0.09375 0.57578125 0.028125 0.028125
376 0.10078125 0.67890625 0.02734375 0.0234375
376 0.24296875 0.4484375 0.0140625 0.0140625
376 0.2921875 0.334375 0.0046875 0.02734375
376 0.22109375 0.40625 0.0125 0.01484375
376 0.17890625 0.42109375 0.0078125 0.0140625
376 0.1875 0.16328125 0.01953125 0.021875
376 0.16953125 0.71953125 0.02265625 0.02265625
376 0.203125 0.68671875 0.0125 0.01328125
376 0.209375 0.5703125 0.0125 0.01328125
376 0.24375 0.584375 0.0125 0.0109375
376 0.1828125 0.6109375 0.0109375 0.0171875
376 0.153125 0.4890625 0.0109375 0.03359375
376 0.11796875 0.33046875 0.00625 0.01484375
376 0.13515625 0.30859375 0.00625 0.01328125
376 0.14921875 0.346875 0.0109375 0.009375
376 0.1828125 0.35390625 0.00703125 0.01171875
376 0.19375 0.33203125 0.00625 0.00859375
376 0.26875 0.28046875 0.01015625 0.00703125
376 0.2046875 0.3125 0.00546875 0.0078125
376 0.16640625 0.240625 0.00625 0.0109375
376 0.24921875 0.38125 0.00703125 0.01015625
376 0.29375 0.384375 0.00703125 0.0109375
131 0.353125 0.28828125 0.021875 0.02265625
131 0.359375 0.3390625 0.02578125 0.01953125
131 0.36328125 0.39453125 0.025 0.0171875
131 0.36953125 0.465625 0.01796875 0.02734375
131 0.37734375 0.5765625 0.01484375 0.03125
131 0.346875 0.753125 0.02109375 0.01796875
131 0.3453125 0.70546875 0.0171875 0.015625
131 0.34375 0.65546875 0.01171875 0.01640625
131 0.340625 0.60390625 0.0078125 0.01640625
131 0.346875 0.45546875 0.02109375 0.02734375
131 0.37109375 0.52890625 0.00625 0.02109375
131 0.3828125 0.62734375 0.01328125 0.03359375
131 0.38515625 0.67109375 0.01328125 0.02734375
131 0.38828125 0.71328125 0.0109375 0.03203125
374 0.3875 0.5015625 0.025 0.02890625
374 0.4 0.55390625 0.021875 0.02265625
374 0.40234375 0.6109375 0.021875 0.02890625
374 0.45078125 0.56015625 0.02421875 0.02734375
374 0.45234375 0.61953125 0.0234375 0.0234375
374 0.40546875 0.66328125 0.021875 0.0234375
374 0.4796875 0.4484375 0.01953125 0.0234375
374 0.4078125 0.715625 0.02109375 0.02265625
374 0.41171875 0.765625 0.0203125 0.02109375
374 0.453125 0.6765625 0.02265625 0.02578125
374 0.45546875 0.7296875 0.021875 0.025
374 0.45703125 0.78359375 0.02109375 0.025
374 0.5078125 0.56796875 0.02578125 0.0296875
374 0.5078125 0.62734375 0.02421875 0.028125
374 0.50703125 0.68515625 0.025 0.02421875
374 0.5078125 0.73828125 0.02421875 0.021875
374 0.50859375 0.79375 0.02421875 0.0234375
374 0.528125 0.44921875 0.0203125 0.02265625
374 0.5296875 0.39609375 0.021875 0.0265625
374 0.45390625 0.3703125 0.0171875 0.021875
374 0.49609375 0.51171875 0.01015625 0.01875
374 0.54765625 0.51484375 0.00859375 0.01640625
374 0.571875 0.43671875 0.02890625 0.03125
374 0.56875 0.50390625 0.028125 0.0265625
374 0.56796875 0.56875 0.028125 0.02734375
374 0.56640625 0.63125 0.0265625 0.0234375
374 0.56484375 0.68984375 0.02734375 0.0234375
374 0.56484375 0.74609375 0.025 0.0265625
374 0.5640625 0.80234375 0.025 0.025
376 0.74140625 0.6390625 0.009375 0.01015625
376 0.7875 0.634375 0.009375 0.009375
376 0.82890625 0.628125 0.0078125 0.0078125
376 0.86484375 0.609375 0.009375 0.00859375
376 0.9296875 0.6 0.009375 0.0078125
376 0.7515625 0.73984375 0.00859375 0.0078125
376 0.7921875 0.7328125 0.009375 0.0078125
376 0.8328125 0.721875 0.00859375 0.009375
376 0.878125 0.7265625 0.01015625 0.0109375
376 0.94453125 0.70390625 0.009375 0.00859375
376 0.75546875 0.83671875 0.009375 0.00859375
376 0.7953125 0.82890625 0.009375 0.0078125
376 0.834375 0.81953125 0.00859375 0.0078125
376 0.87890625 0.81796875 0.0109375 0.0109375
376 0.94609375 0.79765625 0.01015625 0.01171875
376 0.88203125 0.9125 0.01015625 0.0109375
376 0.94609375 0.8890625 0.0109375 0.00859375
376 0.75703125 0.93359375 0.009375 0.00859375
376 0.796875 0.92421875 0.00859375 0.00859375
376 0.83671875 0.91171875 0.0078125 0.009375
376 0.94765625 0.978125 0.00859375 0.0109375
376 0.7265625 0.259375 0.0171875 0.0140625
376 0.7265625 0.359375 0.01796875 0.01484375
376 0.7296875 0.45859375 0.0171875 0.0125
376 0.82109375 0.3671875 0.0140625 0.01015625
376 0.81328125 0.3 0.01171875 0.0109375
376 0.8234375 0.45 0.0125 0.0109375
376 0.88828125 0.2984375 0.009375 0.01015625
376 0.90390625 0.3640625 0.01328125 0.0109375
376 0.9046875 0.4421875 0.01171875 0.0109375