535 0.34375 0.51171875 0.10625 0.21484375
535 0.234375 0.5203125 0.0921875 0.203125
535 0.128125 0.51875 0.08203125 0.1890625
536 0.103125 0.340625 0.06484375 0.04609375
536 0.2078125 0.3484375 0.06796875 0.0484375
536 0.31015625 0.33984375 0.059375 0.0484375
536 0.46171875 0.5328125 0.07265625 0.04609375
536 0.5953125 0.5328125 0.0609375 0.06328125
535 0.45859375 0.46953125 0.1109375 0.07421875
535 0.584375 0.47578125 0.0953125 0.06328125
535 0.675 0.43125 0.08203125 0.06015625
535 0.8015625 0.378125 0.11953125 0.08046875
535 0.94453125 0.41953125 0.1015625 0.0890625
536 0.79609375 0.446875 0.07578125 0.05703125
536 0.940625 0.49296875 0.08046875 0.06328125