363 0.49921875 0.5046875 0.109375 0.0734375
363 0.3046875 0.56953125 0.0140625 0.0109375
363 0.3890625 0.5703125 0.01328125 0.00859375
363 0.47578125 0.57109375 0.01484375 0.01015625
363 0.56328125 0.5703125 0.0140625 0.01015625
363 0.434375 0.64296875 0.01484375 0.0109375
363 0.56484375 0.64296875 0.015625 0.0109375
363 0.60859375 0.64921875 0.025 0.0171875
363 0.64921875 0.5703125 0.0125 0.01015625
363 0.50078125 0.65625 0.00703125 0.0046875
482 0.06796875 0.50546875 0.03125 0.0171875
363 0.68125 0.6765625 0.00859375 0.0125
363 0.65078125 0.66953125 0.009375 0.01171875