357 0.19140625 0.25625 0.1015625 0.05625
357 0.35703125 0.165625 0.1265625 0.0671875
357 0.45 0.47890625 0.028125 0.11171875
357 0.58125 0.11171875 0.071875 0.040625
357 0.76484375 0.27734375 0.1015625 0.0578125
357 0.503125 0.784375 0.028125 0.1140625
357 0.55 0.63125 0.04375 0.04921875
357 0.5953125 0.67578125 0.03125 0.0578125
357 0.6859375 0.69140625 0.03125 0.11640625
357 0.7828125 0.61328125 0.0375 0.0578125
357 0.40390625 0.53125 0.0140625 0.10078125
357 0.428125 0.30546875 0.034375 0.02890625
357 0.146875 0.2015625 0.06875 0.01328125