535 0.33515625 0.28359375 0.18203125 0.0375
535 0.5953125 0.284375 0.1859375 0.0359375
535 0.84765625 0.2875 0.184375 0.0375
535 0.8078125 0.05859375 0.1640625 0.0328125
535 0.57578125 0.05859375 0.1640625 0.0359375
536 0.3328125 0.31484375 0.10625 0.02578125
536 0.58984375 0.31640625 0.10390625 0.028125
536 0.8390625 0.32109375 0.10625 0.0265625
536 0.81484375 0.54375 0.10625 0.0265625
536 0.79296875 0.734375 0.08984375 0.02265625
536 0.10234375 0.53828125 0.07578125 0.02421875
536 0.1140625 0.73671875 0.06015625 0.02421875
535 0.09375 0.71171875 0.09609375 0.0296875
535 0.0828125 0.50859375 0.121875 0.03125
535 0.8 0.70859375 0.1640625 0.0296875
535 0.82421875 0.5140625 0.171875 0.0296875
353 0.69765625 0.97421875 0.10390625 0.04921875
353 0.540625 0.98046875 0.09765625 0.0359375