700 0.32265625 0.1046875 0.03515625 0.0546875
700 0.2203125 0.10859375 0.03671875 0.05234375
700 0.11796875 0.1140625 0.03671875 0.05234375
700 0.0171875 0.11640625 0.034375 0.0578125
700 0.4296875 0.1015625 0.03984375 0.05234375
700 0.5359375 0.1 0.03828125 0.05
700 0.646875 0.09765625 0.03984375 0.0546875
700 0.75703125 0.09609375 0.03984375 0.0578125
700 0.86953125 0.09375 0.04140625 0.0578125
700 0.9796875 0.08984375 0.03671875 0.0546875
700 0.92734375 0.26875 0.03828125 0.0578125
700 0.703125 0.27109375 0.03984375 0.05234375
700 0.59296875 0.2734375 0.03671875 0.05234375
700 0.2703125 0.28125 0.03671875 0.05234375
700 0.065625 0.28515625 0.03515625 0.0546875
700 0.165625 0.2828125 0.03203125 0.05
700 0.01484375 0.44609375 0.0296875 0.0421875
700 0.428125 0.44609375 0.03671875 0.04765625
700 0.478125 0.275 0.0265625 0.0546875
700 0.9828125 0.4421875 0.03203125 0.03984375
700 0.2671875 0.62265625 0.03515625 0.03984375
700 0.15546875 0.6265625 0.01796875 0.04765625