89 0.23359375 0.3 0.03984375 0.0484375
89 0.31171875 0.26953125 0.04375 0.046875
89 0.4 0.23984375 0.05078125 0.05390625
89 0.50078125 0.19375 0.0546875 0.06328125
89 0.60078125 0.23359375 0.0484375 0.06328125
89 0.6890625 0.2703125 0.04375 0.05234375
89 0.7671875 0.29453125 0.0390625 0.04453125
89 0.23515625 0.62421875 0.07890625 0.0578125
89 0.31328125 0.63125 0.084375 0.06171875
89 0.4 0.65078125 0.0953125 0.07109375
89 0.50078125 0.65859375 0.1109375 0.078125
89 0.60078125 0.653125 0.096875 0.0671875
89 0.68984375 0.63125 0.07890625 0.06171875
89 0.7703125 0.6234375 0.075 0.05625