387 0.06953125 0.2546875 0.0578125 0.190625
387 0.171875 0.2421875 0.053125 0.165625
387 0.2765625 0.2953125 0.0625 0.184375
387 0.40546875 0.2671875 0.06015625 0.178125
387 0.5234375 0.2046875 0.053125 0.153125
387 0.66015625 0.2109375 0.0546875 0.165625
387 0.12421875 0.196875 0.015625 0.10625
387 0.0203125 0.190625 0.01328125 0.0875
387 0.028125 0.1015625 0.0296875 0.021875
387 0.23046875 0.1328125 0.034375 0.021875
387 0.22734375 0.240625 0.01328125 0.1
43 0.77421875 0.1671875 0.15 0.146875
43 0.021875 0.3421875 0.01171875 0.209375
387 0.48984375 0.071875 0.0296875 0.025
387 0.478125 0.159375 0.01328125 0.1
387 0.36484375 0.125 0.02265625 0.03125
387 0.62578125 0.0796875 0.02265625 0.028125
43 0.0796875 0.084375 0.0703125 0.04375
43 0.23046875 0.43125 0.01484375 0.25625
43 0.36015625 0.3578125 0.01171875 0.203125
43 0.48046875 0.35 0.01328125 0.25625
43 0.61875 0.2875 0.01015625 0.175
43 0.54921875 0.053125 0.08203125 0.04375
43 0.66953125 0.0671875 0.06171875 0.028125
43 0.29296875 0.115625 0.084375 0.05
43 0.4140625 0.1109375 0.06484375 0.040625
387 0.35859375 0.2109375 0.01015625 0.071875
387 0.61796875 0.1609375 0.01171875 0.065625