630 0.86484375 0.61640625 0.09375 0.03125
631 0.41484375 0.478125 0.04921875 0.08359375
631 0.084375 0.27578125 0.02734375 0.07578125
631 0.921875 0.32890625 0.015625 0.02109375
631 0.94296875 0.3234375 0.0234375 0.02109375
631 0.9640625 0.32265625 0.01796875 0.0234375
631 0.9203125 0.35 0.01796875 0.02109375
631 0.94296875 0.346875 0.01953125 0.02578125
631 0.9640625 0.34609375 0.01796875 0.0234375
631 0.92265625 0.375 0.01796875 0.0234375
631 0.94375 0.371875 0.021875 0.01796875
631 0.9640625 0.36953125 0.01796875 0.01796875
631 0.9234375 0.3984375 0.01953125 0.0234375
631 0.94375 0.3953125 0.021875 0.0234375
631 0.96484375 0.39296875 0.01953125 0.0234375
631 0.921875 0.421875 0.01953125 0.0234375
631 0.94296875 0.4203125 0.0234375 0.02109375
631 0.96484375 0.41640625 0.01953125 0.01796875
631 0.92265625 0.4421875 0.01796875 0.0234375
631 0.94375 0.44140625 0.01796875 0.02109375
631 0.96484375 0.4421875 0.015625 0.0234375
631 0.6609375 0.36171875 0.01171875 0.01328125
631 0.66015625 0.3828125 0.01015625 0.01796875
631 0.67578125 0.36171875 0.0140625 0.01796875
631 0.67421875 0.38125 0.015625 0.02109375
631 0.6765625 0.40078125 0.01171875 0.01796875
631 0.6765625 0.421875 0.01171875 0.01796875
631 0.6765625 0.43984375 0.01171875 0.01796875
631 0.6765625 0.45859375 0.01171875 0.01796875
631 0.6625 0.45859375 0.01171875 0.01796875
631 0.8453125 0.44765625 0.015625 0.0234375
631 0.84375 0.428125 0.01796875 0.02109375
631 0.84296875 0.4046875 0.01953125 0.02109375
631 0.84296875 0.3828125 0.015625 0.01796875
631 0.84296875 0.36015625 0.015625 0.02109375
631 0.8421875 0.33828125 0.01796875 0.0234375
631 0.7546875 0.35 0.015625 0.02109375
631 0.753125 0.37109375 0.015625 0.02109375
631 0.7546875 0.39140625 0.015625 0.02109375
631 0.75625 0.453125 0.01796875 0.01796875
631 0.7546875 0.4125 0.015625 0.02109375