385 0.37265625 0.1 0.07109375 0.0671875
385 0.46484375 0.10078125 0.090625 0.071875
385 0.609375 0.0859375 0.09453125 0.078125
385 0.79921875 0.0828125 0.10078125 0.084375
385 0.8984375 0.084375 0.084375 0.09609375
385 0.36875 0.46796875 0.084375 0.06875
385 0.49921875 0.4375 0.08125 0.0421875
385 0.603125 0.46484375 0.08984375 0.0640625
385 0.8765625 0.41875 0.090625 0.0609375
385 0.49140625 0.746875 0.08203125 0.071875
385 0.76640625 0.7109375 0.053125 0.0703125
385 0.5921875 0.7171875 0.0671875 0.04921875
385 0.3921875 0.74453125 0.05546875 0.053125
385 0.85 0.68203125 0.0640625 0.01640625
385 0.953125 0.6875 0.0640625 0.0375
385 0.7640625 0.425 0.07265625 0.0515625
385 0.98125 0.42890625 0.0359375 0.06171875
223 0.04140625 0.2484375 0.08203125 0.084375
223 0.16171875 0.221875 0.078125 0.046875
223 0.040625 0.54765625 0.06640625 0.0421875
223 0.12578125 0.5421875 0.06484375 0.0421875
223 0.19375 0.546875 0.0859375 0.03984375
223 0.1390625 0.7609375 0.09453125 0.03359375
223 0.03828125 0.81171875 0.0625 0.04296875
223 0.22578125 0.79765625 0.05390625 0.04296875
223 0.1 0.2109375 0.04609375 0.03828125