303 0.3890625 0.08515625 0.1515625 0.046875
303 0.62265625 0.08203125 0.1578125 0.04296875
303 0.1140625 0.09296875 0.04296875 0.03203125
303 0.021875 0.09453125 0.03671875 0.034375
303 0.2046875 0.09296875 0.04140625 0.0375
303 0.77265625 0.07734375 0.04375 0.03828125
303 0.86875 0.08046875 0.040625 0.0375
303 0.96015625 0.0796875 0.0421875 0.04140625
303 0.04375 0.240625 0.08671875 0.04296875
303 0.246875 0.2375 0.165625 0.0453125
303 0.4 0.2359375 0.03671875 0.03984375
303 0.4921875 0.2390625 0.04296875 0.0375
303 0.58359375 0.23828125 0.0421875 0.0359375
303 0.76171875 0.22578125 0.15 0.046875
303 0.9578125 0.2296875 0.08125 0.04296875
303 0.028125 0.39140625 0.03671875 0.04140625
303 0.11640625 0.38828125 0.0359375 0.03828125
303 0.2078125 0.38828125 0.0390625 0.0359375
303 0.3890625 0.38671875 0.15 0.05078125
303 0.621875 0.38359375 0.15390625 0.0453125
303 0.771875 0.3796875 0.03828125 0.0375
303 0.8625 0.38046875 0.04375 0.03828125
303 0.95625 0.38203125 0.04453125 0.0375
303 0.046875 0.5375 0.09375 0.04140625
303 0.25 0.53359375 0.16015625 0.0484375
303 0.403125 0.5375 0.0390625 0.034375
303 0.49375 0.53359375 0.04375 0.04296875
303 0.5828125 0.5390625 0.04765625 0.03203125
303 0.76171875 0.52578125 0.1484375 0.04296875
303 0.96015625 0.53046875 0.078125 0.046875
303 0.03203125 0.68828125 0.040625 0.03203125
303 0.121875 0.6875 0.04453125 0.03828125
303 0.2140625 0.68515625 0.04609375 0.0375
303 0.390625 0.6828125 0.1515625 0.04375
303 0.62265625 0.67890625 0.15625 0.04921875
303 0.2546875 0.83359375 0.153125 0.04375
303 0.05 0.83046875 0.1 0.0453125
303 0.403125 0.83046875 0.03984375 0.04140625
303 0.49453125 0.8328125 0.0453125 0.03984375
303 0.5859375 0.834375 0.04296875 0.0375
303 0.759375 0.82421875 0.15078125 0.03984375
303 0.7703125 0.6796875 0.0375 0.0375
303 0.86171875 0.68125 0.0390625 0.034375
303 0.9546875 0.6796875 0.04296875 0.034375
303 0.9546875 0.82109375 0.08515625 0.04375
303 0.2171875 0.978125 0.03984375 0.0328125
303 0.128125 0.97890625 0.04140625 0.0375
303 0.0421875 0.98046875 0.0390625 0.0359375
303 0.3953125 0.97421875 0.14609375 0.046875
303 0.621875 0.97265625 0.15234375 0.046875
303 0.76953125 0.9734375 0.0375 0.0375
303 0.8625 0.97421875 0.0390625 0.0375
303 0.9546875 0.97421875 0.03984375 0.0375