119 0.45625 0.715625 0.19765625 0.1109375
119 0.3109375 0.7671875 0.08828125 0.06015625
181 0.7078125 0.65234375 0.1015625 0.1046875
303 0.20234375 0.76328125 0.10390625 0.11796875
118 0.31171875 0.68515625 0.04921875 0.0828125
118 0.440625 0.5796875 0.084375 0.12265625
118 0.5875 0.58515625 0.04453125 0.07734375
303 0.1390625 0.4578125 0.05 0.05625
119 0.2640625 0.3859375 0.06796875 0.05
119 0.390625 0.1390625 0.10703125 0.075
119 0.5796875 0.28359375 0.06015625 0.03125
119 0.603125 0.65859375 0.09140625 0.05