535 0.66328125 0.76015625 0.171875 0.14375
525 0.5546875 0.70859375 0.0203125 0.03046875
658 0.1015625 0.7890625 0.1546875 0.06640625
658 0.8765625 0.684375 0.06015625 0.04375
58 0.87109375 0.63828125 0.0375 0.03515625
536 0.7046875 0.6640625 0.1671875 0.12890625
508 0.3234375 0.64921875 0.06640625 0.0390625
508 0.921875 0.72109375 0.034375 0.03046875
536 0.20703125 0.74296875 0.0546875 0.07421875
525 0.36484375 0.446875 0.01796875 0.02109375
525 0.4046875 0.4765625 0.01640625 0.02265625
525 0.4015625 0.53515625 0.01640625 0.02109375
525 0.40078125 0.59765625 0.01796875 0.02265625
525 0.35859375 0.56796875 0.01875 0.02421875
525 0.3625 0.50390625 0.0171875 0.02265625
525 0.44375 0.50703125 0.015625 0.02265625
525 0.44375 0.56796875 0.0203125 0.02421875
525 0.44296875 0.6296875 0.01640625 0.02265625
525 0.44609375 0.44609375 0.01484375 0.02265625
525 0.4859375 0.59765625 0.0171875 0.02265625
525 0.48515625 0.6625 0.01796875 0.02265625
525 0.4859375 0.5375 0.0171875 0.02109375
525 0.48671875 0.4765625 0.0171875 0.02265625
525 0.52890625 0.63203125 0.0203125 0.02578125
525 0.5296875 0.56640625 0.0171875 0.02734375
525 0.528125 0.5046875 0.01796875 0.02421875
525 0.52734375 0.44609375 0.0171875 0.02578125
525 0.57265625 0.5984375 0.01875 0.02421875
525 0.57109375 0.53515625 0.01640625 0.02421875
525 0.5703125 0.475 0.01796875 0.02265625
525 0.6125 0.5078125 0.01640625 0.02421875
525 0.6125 0.44609375 0.015625 0.02578125
525 0.65703125 0.53671875 0.0171875 0.02578125
525 0.653125 0.47421875 0.015625 0.02109375
525 0.7 0.565625 0.01796875 0.02890625
525 0.696875 0.5046875 0.0171875 0.02421875
525 0.69375 0.44609375 0.015625 0.02578125
525 0.73828125 0.53359375 0.01640625 0.02109375
525 0.734375 0.4734375 0.01640625 0.02578125
525 0.74375 0.5984375 0.01640625 0.02421875
525 0.31640625 0.596875 0.01640625 0.02734375
525 0.31875 0.5328125 0.01484375 0.02578125
525 0.3234375 0.475 0.01640625 0.02265625