303 0.76171875 0.33359375 0.27734375 0.37890625
303 0.04296875 0.04296875 0.03515625 0.0859375
303 0.171875 0.01640625 0.05390625 0.028125
303 0.51953125 0.084375 0.03046875 0.0171875
303 0.05625 0.2546875 0.053125 0.03515625
303 0.12421875 0.25390625 0.04453125 0.03359375
303 0.20234375 0.25234375 0.04375 0.03671875
303 0.328125 0.246875 0.03515625 0.03046875
303 0.06875 0.409375 0.04921875 0.0390625
303 0.1421875 0.40234375 0.0453125 0.03359375
303 0.20625 0.39453125 0.04296875 0.03203125
303 0.3296875 0.37734375 0.03671875 0.03046875
303 0.33515625 0.5046875 0.034375 0.028125
303 0.07578125 0.5578125 0.046875 0.04453125
303 0.1453125 0.5421875 0.04296875 0.03828125
303 0.178125 0.92734375 0.0734375 0.05859375
303 0.17734375 0.8453125 0.07734375 0.0578125
303 0.17109375 0.75859375 0.08203125 0.0515625
303 0.23671875 0.73359375 0.03125 0.03671875
303 0.27421875 0.71875 0.02734375 0.03203125
303 0.3140625 0.703125 0.02734375 0.03046875
303 0.2375 0.8140625 0.034375 0.04375
303 0.278125 0.796875 0.028125 0.0359375
303 0.31796875 0.784375 0.03125 0.0296875
303 0.271875 0.8828125 0.059375 0.06015625
303 0.35234375 0.853125 0.04765625 0.04453125
303 0.4328125 0.36875 0.0140625 0.0234375
303 0.45625 0.36640625 0.0109375 0.0203125
303 0.47734375 0.36328125 0.01171875 0.01875
303 0.496875 0.3609375 0.009375 0.01875
303 0.51875 0.35859375 0.01171875 0.01796875
303 0.5390625 0.35546875 0.01015625 0.0171875
303 0.4359375 0.4859375 0.01015625 0.0203125
303 0.459375 0.48203125 0.0125 0.01875
303 0.48359375 0.47734375 0.009375 0.01640625
303 0.50390625 0.47109375 0.01171875 0.01640625
303 0.52265625 0.46875 0.0109375 0.01875
303 0.54296875 0.4640625 0.01015625 0.01953125