33 0.115625 0.578125 0.0796875 0.0109375
33 0.23671875 0.5578125 0.059375 0.01171875
33 0.33828125 0.53828125 0.05390625 0.01015625
33 0.43203125 0.5234375 0.04375 0.0109375
33 0.56328125 0.5234375 0.03203125 0.0109375
33 0.6578125 0.5390625 0.0390625 0.01015625
33 0.76171875 0.5578125 0.0421875 0.01328125
33 0.89765625 0.57890625 0.08125 0.0140625
34 0.065625 0.578125 0.0140625 0.015625
34 0.84375 0.578125 0.0171875 0.0171875
34 0.7328125 0.559375 0.01171875 0.0140625
34 0.63203125 0.53984375 0.01171875 0.01328125
34 0.540625 0.5234375 0.01328125 0.009375