376 0.03671875 0.2953125 0.03828125 0.03359375
512 0.15234375 0.6171875 0.12578125 0.10078125
486 0.27890625 0.59375 0.04765625 0.0875
376 0.41796875 0.8234375 0.04140625 0.03046875
484 0.7421875 0.55546875 0.221875 0.1578125
663 0.76875 0.25859375 0.20078125 0.12734375
548 0.53359375 0.30859375 0.18359375 0.315625
637 0.31875 0.290625 0.171875 0.21796875
448 0.22578125 0.19140625 0.03984375 0.0734375
448 0.409375 0.0671875 0.04921875 0.08046875
448 0.68125 0.10546875 0.03515625 0.0703125
448 0.6140625 0.41796875 0.05703125 0.10390625