303 0.86328125 0.08046875 0.15625 0.0234375
303 0.1125 0.8890625 0.1296875 0.0296875
303 0.3015625 0.8640625 0.159375 0.02890625
303 0.50546875 0.89765625 0.17734375 0.02734375
303 0.69140625 0.87265625 0.16328125 0.03515625
303 0.821875 0.81484375 0.1046875 0.02734375
303 0.42890625 0.69140625 0.05 0.025
303 0.909375 0.8765625 0.0671875 0.0328125
303 0.06484375 0.73515625 0.04453125 0.0125
303 0.325 0.60078125 0.07265625 0.0140625
303 0.51171875 0.63203125 0.0765625 0.0140625
303 0.68515625 0.6078125 0.06953125 0.01484375
303 0.79375 0.5625 0.0375 0.0125
303 0.85078125 0.6203125 0.0390625 0.0125
303 0.93515625 0.71875 0.0234375 0.0125
303 0.1515625 0.6265625 0.065625 0.0140625
303 0.22265625 0.51796875 0.040625 0.0140625
303 0.32265625 0.459375 0.06015625 0.0109375
303 0.45234375 0.4390625 0.07109375 0.0125
303 0.67734375 0.47109375 0.0640625 0.0125
303 0.6140625 0.359375 0.03046875 0.0140625
303 0.57109375 0.5359375 0.028125 0.0125
303 0.4546875 0.8390625 0.0765625 0.0625
303 0.65546875 0.81328125 0.08359375 0.05859375
303 0.25390625 0.8046875 0.053125 0.0625
303 0.81171875 0.759375 0.0671875 0.05625