469 0.1328125 0.796875 0.18203125 0.05390625
469 0.90078125 0.709375 0.0421875 0.021875
469 0.2671875 0.2921875 0.04609375 0.0203125
469 0.3953125 0.26328125 0.0421875 0.034375
469 0.2703125 0.41328125 0.04375 0.01796875
469 0.3921875 0.38203125 0.04375 0.015625
469 0.26484375 0.1609375 0.0421875 0.01796875
469 0.3796875 0.12578125 0.03984375 0.01171875
469 0.1390625 0.26796875 0.03828125 0.028125
469 0.509375 0.39921875 0.03828125 0.02578125
469 0.14921875 0.38515625 0.03828125 0.021875
469 0.521875 0.2859375 0.028125 0.028125
469 0.49609375 0.1640625 0.015625 0.04375