3 0.8078125 0.50078125 0.0234375 0.0203125
3 0.6875 0.74375 0.01953125 0.0390625
3 0.403125 0.7203125 0.0234375 0.040625
3 0.76484375 0.646875 0.0171875 0.009375
3 0.75703125 0.76640625 0.01015625 0.00859375
3 0.80390625 0.80703125 0.01171875 0.01015625
3 0.73984375 0.58828125 0.0125 0.00625
3 0.75546875 0.58828125 0.0125 0.00625
3 0.7734375 0.58984375 0.0125 0.00625
3 0.7953125 0.5984375 0.01171875 0.00625
3 0.80390625 0.5859375 0.01171875 0.00625
3 0.77734375 0.7578125 0.0125 0.00625
3 0.7890625 0.7546875 0.01171875 0.0046875