340 0.0796875 0.075 0.109375 0.08984375
340 0.3375 0.0796875 0.1125 0.08984375
340 0.0765625 0.33359375 0.1109375 0.0875
340 0.33515625 0.33359375 0.1125 0.0921875
340 0.59140625 0.33125 0.109375 0.0921875
340 0.83828125 0.33359375 0.1125 0.0921875
340 0.0796875 0.5859375 0.109375 0.0875
340 0.334375 0.58515625 0.10703125 0.08984375
340 0.5921875 0.5875 0.10703125 0.09453125
340 0.83828125 0.58515625 0.109375 0.08984375
340 0.07890625 0.8421875 0.1109375 0.08984375
340 0.33359375 0.8421875 0.109375 0.08984375
340 0.59296875 0.8421875 0.109375 0.08515625
340 0.84375 0.84609375 0.11953125 0.10078125