303 0.46953125 0.803125 0.153125 0.05390625
303 0.4625 0.23359375 0.06953125 0.03359375
303 0.37734375 0.2625 0.06328125 0.02578125
303 0.5453125 0.26015625 0.06015625 0.02578125
303 0.34375 0.78515625 0.06796875 0.059375
303 0.265625 0.76640625 0.08359375 0.05390625
303 0.15859375 0.76171875 0.1046875 0.04375
303 0.5828125 0.7796875 0.06640625 0.04921875
303 0.665625 0.76015625 0.08203125 0.0515625
303 0.75859375 0.75 0.09140625 0.04609375
303 0.63828125 0.28359375 0.06015625 0.02578125
303 0.7390625 0.29765625 0.05859375 0.028125
303 0.1671875 0.30703125 0.05703125 0.0203125
303 0.2796875 0.28984375 0.05859375 0.0234375