614 0.2421875 0.77890625 0.15625 0.11484375
614 0.88046875 0.7375 0.14140625 0.1
119 0.11875 0.0453125 0.09765625 0.0609375
614 0.253125 0.1109375 0.0765625 0.0609375
614 0.43984375 0.1125 0.06953125 0.05390625
119 0.57578125 0.04609375 0.1171875 0.05859375
119 0.7140625 0.0546875 0.09453125 0.04609375
614 0.86953125 0.11484375 0.078125 0.05859375
119 0.56796875 0.7796875 0.19375 0.10234375
119 0.08359375 0.6640625 0.121875 0.090625
614 0.4203125 0.68828125 0.0890625 0.090625
118 0.5734375 0.66171875 0.0890625 0.134375
118 0.73515625 0.55390625 0.06484375 0.10546875