675 0.778125 0.4578125 0.0640625 0.04453125
677 0.69765625 0.45625 0.065625 0.04609375
675 0.84140625 0.653125 0.0265625 0.02265625
677 0.453125 0.6390625 0.03515625 0.0234375
675 0.4546875 0.6671875 0.0328125 0.02109375
677 0.84140625 0.63046875 0.02890625 0.021875
677 0.1265625 0.70703125 0.03984375 0.0265625
675 0.125 0.740625 0.04453125 0.0265625
675 0.2984375 0.70078125 0.02109375 0.015625
677 0.27578125 0.70078125 0.021875 0.0140625
677 0.525 0.63984375 0.03359375 0.021875
675 0.54921875 0.715625 0.06328125 0.04296875
677 0.471875 0.715625 0.0703125 0.0390625