376 0.4546875 0.5625 0.0515625 0.0453125
376 0.35625 0.72734375 0.04140625 0.03515625
376 0.5109375 0.70234375 0.034375 0.03515625
438 0.5765625 0.7328125 0.05 0.1046875
376 0.6484375 0.61015625 0.0234375 0.0296875
376 0.76640625 0.5046875 0.03046875 0.0296875
376 0.834375 0.57265625 0.03671875 0.0453125
376 0.26953125 0.6671875 0.0234375 0.025
376 0.22109375 0.6828125 0.021875 0.025
376 0.12578125 0.34765625 0.021875 0.025
376 0.19453125 0.4078125 0.021875 0.025
376 0.0609375 0.42265625 0.0171875 0.025
376 0.490625 0.175 0.196875 0.1796875
376 0.0625 0.54765625 0.02578125 0.025