357 0.07890625 0.1875 0.03359375 0.02109375
357 0.1796875 0.17421875 0.03515625 0.02265625
712 0.35 0.21328125 0.13671875 0.1203125
357 0.17265625 0.5796875 0.03671875 0.03046875
357 0.3140625 0.590625 0.04453125 0.03046875
358 0.27890625 0.59375 0.01328125 0.03671875
357 0.27421875 0.56953125 0.0125 0.009375
358 0.19609375 0.71171875 0.090625 0.190625
358 0.34453125 0.721875 0.1046875 0.1875
357 0.365625 0.9703125 0.0296875 0.02265625
357 0.1703125 0.98515625 0.0390625 0.0234375
357 0.065625 0.95625 0.03359375 0.03203125
357 0.5046875 0.609375 0.0515625 0.03046875
357 0.6578125 0.59609375 0.046875 0.03046875
357 0.78828125 0.59140625 0.04140625 0.02890625
357 0.90234375 0.5828125 0.0421875 0.03046875
519 0.65 0.98828125 0.028125 0.02109375
357 0.80546875 0.5171875 0.0046875 0.015625
357 0.51953125 0.14375 0.04921875 0.0359375
357 0.6578125 0.16171875 0.04453125 0.0328125
357 0.79609375 0.16953125 0.04453125 0.03203125
358 0.47890625 0.1578125 0.01015625 0.04609375
358 0.46796875 0.1703125 0.0078125 0.04375
358 0.54921875 0.28203125 0.1078125 0.20078125
358 0.684375 0.28359375 0.09453125 0.18671875
358 0.821875 0.28515625 0.09296875 0.18359375
358 0.91171875 0.31640625 0.03828125 0.1640625
529 0.91015625 0.0234375 0.0109375 0.046875