358 0.15390625 0.20390625 0.13984375 0.2265625
358 0.8625 0.2671875 0.2296875 0.26015625
357 0.10703125 0.07421875 0.06015625 0.0296875
358 0.03671875 0.0296875 0.01171875 0.03828125
357 0.1640625 0.61328125 0.12265625 0.059375
524 0.36796875 0.35390625 0.05390625 0.05703125
524 0.49609375 0.3796875 0.05703125 0.03984375
524 0.6640625 0.38671875 0.06171875 0.0421875
524 0.50078125 0.89765625 0.2109375 0.10390625
357 0.81484375 0.60234375 0.0796875 0.0546875
357 0.82109375 0.05390625 0.06953125 0.0484375