320 0.5234375 0.671875 0.046875 0.0734375
321 0.52421875 0.72109375 0.0515625 0.0421875
320 0.35390625 0.71328125 0.03828125 0.0625
321 0.35390625 0.75 0.03828125 0.03359375
320 0.13984375 0.603125 0.0234375 0.0421875
320 0.77109375 0.55859375 0.03203125 0.0375
320 0.38359375 0.42421875 0.0296875 0.0359375
321 0.3828125 0.45 0.03203125 0.015625
321 0.62109375 0.4765625 0.028125 0.015625
320 0.6234375 0.446875 0.0296875 0.04453125
320 0.83046875 0.4203125 0.01484375 0.03125
320 0.81015625 0.5546875 0.0234375 0.046875
321 0.80859375 0.584375 0.0265625 0.021875
321 0.77109375 0.5796875 0.03203125 0.01796875
321 0.3734375 0.55078125 0.05703125 0.03125
321 0.15703125 0.49296875 0.05 0.01796875