629 0.2171875 0.3265625 0.1296875 0.0859375
629 0.0546875 0.34453125 0.109375 0.0828125
629 0.39375 0.3234375 0.12265625 0.0859375
629 0.2171875 0.12734375 0.0546875 0.0359375
629 0.3546875 0.13203125 0.05 0.04609375
629 0.50859375 0.1140625 0.05234375 0.0359375
629 0.3390625 0.06796875 0.04765625 0.0359375
629 0.5140625 0.06953125 0.05234375 0.03984375
629 0.55390625 0.34140625 0.12265625 0.0890625
629 0.72734375 0.2890625 0.1203125 0.0890625
629 0.89375 0.2984375 0.12265625 0.09609375
629 0.12265625 0.5640625 0.08984375 0.053125
629 0.26015625 0.565625 0.0953125 0.05625
629 0.39609375 0.565625 0.0921875 0.0625
629 0.5375 0.5640625 0.08984375 0.059375
629 0.6734375 0.5640625 0.0921875 0.059375
629 0.81015625 0.5640625 0.0953125 0.059375
629 0.9421875 0.56953125 0.0953125 0.05625
629 0.1328125 0.71796875 0.08984375 0.06953125
629 0.26640625 0.7296875 0.09765625 0.07265625
629 0.38359375 0.74765625 0.09765625 0.07578125
629 0.525 0.7609375 0.0953125 0.0625
629 0.6671875 0.74453125 0.1 0.06953125
629 0.7859375 0.71484375 0.09765625 0.0625
629 0.9328125 0.7125 0.08984375 0.07265625
629 0.05234375 0.8765625 0.075 0.04296875
629 0.16015625 0.8828125 0.0703125 0.0359375
629 0.26640625 0.884375 0.07265625 0.0328125
629 0.37265625 0.8828125 0.075 0.0359375
629 0.48125 0.8859375 0.07265625 0.0296875
629 0.58984375 0.8875 0.0703125 0.0328125
629 0.6984375 0.8828125 0.07734375 0.04296875
629 0.80234375 0.8859375 0.075 0.0359375
629 0.9078125 0.88125 0.0796875 0.0328125