303 0.65625 0.41484375 0.0203125 0.17578125
303 0.73515625 0.5 0.0125 0.13125
303 0.54375 0.54453125 0.0125 0.10703125
303 0.4078125 0.5703125 0.009375 0.0984375
303 0.6578125 0.91484375 0.0796875 0.0390625
303 0.73828125 0.86484375 0.05625 0.0265625
303 0.84375 0.83359375 0.0453125 0.01796875
303 0.54375 0.84375 0.053125 0.0265625
303 0.84453125 0.5640625 0.0125 0.121875
303 0.40859375 0.83046875 0.0453125 0.0234375
303 0.45078125 0.82109375 0.0328125 0.01796875
303 0.45078125 0.590625 0.0109375 0.0859375