467 0.21875 0.49765625 0.01953125 0.08828125
468 0.3859375 0.5171875 0.07421875 0.0671875
467 0.915625 0.359375 0.0140625 0.24453125
467 0.01640625 0.81484375 0.003125 0.0140625
467 0.0625 0.81015625 0.003125 0.0140625
467 0.10234375 0.8125 0.003125 0.015625
467 0.14453125 0.81484375 0.003125 0.01171875
467 0.1890625 0.81484375 0.00390625 0.0140625
467 0.2421875 0.8109375 0.00390625 0.0125
467 0.29609375 0.803125 0.00390625 0.01484375
467 0.3453125 0.79765625 0.00390625 0.0140625
467 0.39921875 0.7921875 0.003125 0.01171875
467 0.89921875 0.8515625 0.00390625 0.0140625
467 0.8546875 0.85 0.003125 0.0125