469 0.45859375 0.65390625 0.08828125 0.04453125
469 0.425 0.1515625 0.046875 0.0328125
469 0.715625 0.89921875 0.10078125 0.09453125
469 0.725 0.20625 0.02578125 0.015625
469 0.1171875 0.478125 0.02421875 0.03046875
469 0.3546875 0.19296875 0.0203125 0.015625
469 0.31015625 0.31328125 0.02109375 0.01328125
469 0.353125 0.3125 0.0203125 0.015625
469 0.26640625 0.4296875 0.0203125 0.01171875
469 0.309375 0.4296875 0.02109375 0.01171875
469 0.26875 0.54296875 0.02109375 0.015625
469 0.31015625 0.54296875 0.02109375 0.01171875
469 0.2703125 0.653125 0.02265625 0.015625
469 0.58046875 0.2109375 0.01796875 0.01328125
469 0.6203125 0.2140625 0.0203125 0.015625
469 0.60078125 0.6375 0.01796875 0.015625
469 0.571875 0.53828125 0.01796875 0.01328125
469 0.578125 0.32109375 0.0171875 0.0171875