490 0.92265625 0.10078125 0.05 0.03359375
490 0.86796875 0.11171875 0.03359375 0.0296875
469 0.821875 0.60546875 0.0265625 0.0359375
469 0.90859375 0.6328125 0.028125 0.03984375
469 0.76796875 0.58515625 0.02265625 0.0296875
469 0.72109375 0.56171875 0.0234375 0.025
469 0.67578125 0.54296875 0.0171875 0.0296875
469 0.6375 0.521875 0.01796875 0.025
469 0.56015625 0.46875 0.0171875 0.0234375
225 0.40859375 0.07578125 0.01484375 0.025
254 0.5125 0.11015625 0.00859375 0.0359375
254 0.48828125 0.11015625 0.00703125 0.0359375
254 0.44609375 0.1140625 0.0078125 0.03828125
225 0.4 0.35078125 0.01015625 0.0234375
254 0.396875 0.60078125 0.01015625 0.0359375
254 0.3828125 0.59375 0.00703125 0.03828125
225 0.36796875 0.08203125 0.01328125 0.025