506 0.38125 0.07265625 0.22265625 0.0828125
376 0.3828125 0.01015625 0.0625 0.0203125
376 0.2828125 0.309375 0.0921875 0.0625
376 0.61875 0.3734375 0.0671875 0.03828125
376 0.296875 0.49140625 0.07109375 0.04296875
376 0.1546875 0.45625 0.0796875 0.0625
686 0.4421875 0.8734375 0.3609375 0.17421875
376 0.415625 0.47265625 0.0390625 0.02578125
438 0.4671875 0.584375 0.1421875 0.20234375
686 0.840625 0.50078125 0.2109375 0.08984375
376 0.8953125 0.846875 0.0734375 0.06015625
376 0.03046875 0.765625 0.0609375 0.07109375