102 0.384375 0.11015625 0.16796875 0.10390625
101 0.2578125 0.134375 0.06015625 0.10078125
492 0.77421875 0.053125 0.26015625 0.10078125
310 0.07109375 0.1765625 0.134375 0.08125
102 0.846875 0.20703125 0.05 0.02578125
101 0.8078125 0.2078125 0.0203125 0.034375
102 0.68828125 0.21640625 0.05234375 0.0171875
101 0.6546875 0.22265625 0.0140625 0.02890625
102 0.54765625 0.228125 0.04375 0.0234375
101 0.5171875 0.23125 0.0140625 0.0234375
102 0.42109375 0.24140625 0.03828125 0.0203125
101 0.3953125 0.24296875 0.0140625 0.0234375
102 0.31171875 0.2546875 0.0359375 0.0234375
101 0.2890625 0.25546875 0.0140625 0.02578125