455 0.76171875 0.3421875 0.075 0.02734375
455 0.2296875 0.4828125 0.0421875 0.03828125
452 0.1125 0.7125 0.06484375 0.05078125
594 0.4953125 0.7359375 0.096875 0.0265625
455 0.5921875 0.54921875 0.053125 0.0375
452 0.41015625 0.57890625 0.02890625 0.103125
452 0.43359375 0.51015625 0.06953125 0.01875
397 0.3296875 0.78203125 0.03984375 0.0109375
15 0.68203125 0.77578125 0.1421875 0.1078125
15 0.709375 0.71484375 0.1625 0.078125
15 0.81171875 0.828125 0.04609375 0.04609375
526 0.16015625 0.2828125 0.05390625 0.0171875
526 0.42109375 0.45546875 0.0671875 0.015625