376 0.1328125 0.0828125 0.26171875 0.165625
376 0.1953125 0.29609375 0.03671875 0.0234375
376 0.26015625 0.3375 0.03359375 0.0265625
349 0.53359375 0.66875 0.040625 0.0328125
349 0.5234375 0.73984375 0.0421875 0.03671875
512 0.7 0.71328125 0.05703125 0.03671875
376 0.8703125 0.8671875 0.02734375 0.01953125
512 0.69921875 0.87421875 0.040625 0.03984375
615 0.534375 0.88046875 0.0421875 0.06640625
506 0.02421875 0.92890625 0.04453125 0.03671875
506 0.0234375 0.859375 0.0390625 0.0296875
424 0.43828125 0.39375 0.04609375 0.06640625
424 0.37421875 0.35625 0.040625 0.06328125
686 0.18984375 0.671875 0.04765625 0.03984375