401 0.40625 0.1640625 0.0609375 0.05234375
401 0.58984375 0.16015625 0.06015625 0.05390625
401 0.38125 0.4515625 0.0578125 0.0609375
401 0.21875 0.4296875 0.06171875 0.06171875
401 0.75234375 0.63984375 0.04296875 0.071875
401 0.375 0.66484375 0.05625 0.06875
401 0.8703125 0.609375 0.0421875 0.0671875
401 0.36484375 0.8546875 0.06171875 0.0640625
401 0.54765625 0.83046875 0.06171875 0.0671875
401 0.54921875 0.64609375 0.06171875 0.06796875
401 0.7484375 0.82890625 0.05078125 0.06796875
401 0.86875 0.7921875 0.046875 0.05625
401 0.75078125 0.42265625 0.06171875 0.0578125
401 0.290625 0.2671875 0.0609375 0.06796875
401 0.22265625 0.584375 0.01875 0.02109375