535 0.5984375 0.821875 0.38359375 0.06328125
536 0.59609375 0.88671875 0.225 0.06015625
535 0.815625 0.18359375 0.08203125 0.01640625
535 0.81328125 0.30078125 0.0765625 0.01484375
535 0.8109375 0.421875 0.0765625 0.01640625
535 0.809375 0.54140625 0.07890625 0.01640625
535 0.8046875 0.66015625 0.07421875 0.01640625
536 0.34296875 0.7234375 0.05625 0.01640625
536 0.81484375 0.19609375 0.03828125 0.01171875
536 0.81328125 0.31328125 0.04609375 0.01015625
536 0.8109375 0.43515625 0.040625 0.01015625
536 0.809375 0.55703125 0.04375 0.01015625
536 0.80703125 0.671875 0.03828125 0.01328125
535 0.29140625 0.6640625 0.071875 0.025
536 0.30078125 0.63359375 0.06875 0.053125