303 0.07890625 0.20390625 0.02578125 0.203125
303 0.24296875 0.2015625 0.02578125 0.203125
303 0.4109375 0.20390625 0.02421875 0.2078125
303 0.5796875 0.20390625 0.02109375 0.21328125
303 0.74765625 0.20390625 0.02265625 0.203125
303 0.9203125 0.203125 0.02421875 0.20546875
303 0.07734375 0.78046875 0.103125 0.0375
303 0.24453125 0.784375 0.103125 0.03984375
303 0.41015625 0.78203125 0.10546875 0.03984375
303 0.57734375 0.78203125 0.10546875 0.03984375
303 0.746875 0.78359375 0.10703125 0.04296875
303 0.91875 0.78046875 0.10390625 0.0375