535 0.390625 0.60703125 0.125 0.25234375
535 0.2625 0.6125 0.11796875 0.25234375
535 0.1296875 0.621875 0.103125 0.2046875
535 0.528125 0.5578125 0.1296875 0.0890625
535 0.6796875 0.5625 0.11328125 0.07421875
535 0.7859375 0.5046875 0.0984375 0.07734375
535 0.934375 0.45234375 0.121875 0.0921875
536 0.9328125 0.5328125 0.0953125 0.0625
536 0.69453125 0.63046875 0.071875 0.07421875
536 0.5296875 0.63359375 0.08984375 0.06796875
536 0.78046875 0.58046875 0.04140625 0.0625
536 0.35 0.40390625 0.0734375 0.059375
536 0.22890625 0.409375 0.078125 0.059375
536 0.1015625 0.4078125 0.08359375 0.05625