261 0.1984375 0.55234375 0.14296875 0.1546875
261 0.42734375 0.56171875 0.075 0.07421875
261 0.33125 0.29609375 0.05078125 0.12578125
261 0.5203125 0.4953125 0.05390625 0.0515625
261 0.54296875 0.234375 0.12421875 0.11484375
261 0.4359375 0.2234375 0.0484375 0.0265625
261 0.7703125 0.3734375 0.1640625 0.13515625
261 0.6328125 0.37421875 0.08359375 0.0765625
261 0.665625 0.22421875 0.03984375 0.02890625
261 0.17578125 0.63046875 0.053125 0.0515625
261 0.4375 0.66640625 0.053125 0.0265625
261 0.659375 0.615625 0.03671875 0.02890625
261 0.77734375 0.58046875 0.02109375 0.02265625
261 0.84921875 0.434375 0.03984375 0.02109375