320 0.34921875 0.11875 0.01484375 0.03671875
320 0.46328125 0.82890625 0.05546875 0.11640625
321 0.459375 0.8984375 0.059375 0.05703125
321 0.565625 0.7203125 0.03828125 0.03828125
321 0.66328125 0.7625 0.0453125 0.03828125
321 0.78203125 0.81875 0.05390625 0.046875
321 0.9328125 0.88515625 0.0703125 0.05546875
320 0.88203125 0.859375 0.028125 0.0453125
320 0.74375 0.796875 0.025 0.034375
320 0.63125 0.75078125 0.0203125 0.03671875
320 0.5375 0.709375 0.01640625 0.03671875
321 0.378125 0.22578125 0.0515625 0.034375