675 0.4984375 0.3328125 0.03203125 0.04765625
677 0.45859375 0.33359375 0.03359375 0.046875
675 0.1734375 0.1671875 0.02109375 0.02578125
677 0.15234375 0.16875 0.0203125 0.0296875
675 0.13671875 0.0125 0.0203125 0.02421875
677 0.134375 0.0375 0.02109375 0.02578125
675 0.1015625 0.39140625 0.0203125 0.0328125
677 0.07890625 0.39140625 0.0203125 0.02890625
677 0.09453125 0.65234375 0.02109375 0.03828125
677 0.35546875 0.5359375 0.02109375 0.03203125
675 0.38359375 0.53828125 0.02265625 0.03203125
677 0.57421875 0.5390625 0.021875 0.03125
675 0.6015625 0.540625 0.01875 0.0328125
675 0.853125 0.62421875 0.02421875 0.0375
675 0.871875 0.3703125 0.02109375 0.0328125
677 0.85078125 0.36875 0.02109375 0.03046875
677 0.78671875 0.17734375 0.021875 0.0296875
675 0.8078125 0.178125 0.0203125 0.0265625
675 0.8234375 0.0234375 0.01875 0.025
677 0.8265625 0.05078125 0.01796875 0.02265625