303 0.0859375 0.05625 0.1421875 0.0484375
303 0.41796875 0.2640625 0.02265625 0.17890625
303 0.41875 0.65234375 0.134375 0.04453125
303 0.3828125 0.56328125 0.05546875 0.0765625
303 0.21015625 0.64609375 0.02265625 0.00859375
303 0.125 0.63984375 0.0296875 0.0078125
303 0.16484375 0.6265625 0.009375 0.00546875
303 0.0625 0.59296875 0.02109375 0.00625
303 0.075 0.55546875 0.0234375 0.0078125
303 0.12421875 0.55078125 0.0046875 0.0421875
303 0.06328125 0.62734375 0.01875 0.00625
303 0.90390625 0.18671875 0.04453125 0.04921875
303 0.6265625 0.17734375 0.02734375 0.00859375
303 0.68671875 0.1671875 0.03046875 0.0125
303 0.73671875 0.17578125 0.02265625 0.00859375
303 0.7953125 0.0859375 0.01640625 0.02734375
303 0.771875 0.49140625 0.071875 0.02421875
303 0.70546875 0.5015625 0.01328125 0.1015625
303 0.6734375 0.51796875 0.01796875 0.01015625
303 0.8234375 0.51875 0.021875 0.01015625
303 0.85546875 0.49921875 0.0125 0.1
303 0.75546875 0.43984375 0.03203125 0.04375
303 0.82109375 0.4953125 0.01484375 0.021875
303 0.64765625 0.7921875 0.05234375 0.01328125
303 0.73125 0.8078125 0.0421875 0.01484375
303 0.8140625 0.87734375 0.04609375 0.01484375
303 0.89296875 0.80546875 0.04453125 0.01328125
303 0.6921875 0.828125 0.0203125 0.00859375
303 0.76875 0.84765625 0.02109375 0.00703125
303 0.86015625 0.88671875 0.0234375 0.00859375
303 0.88046875 0.88828125 0.009375 0.00546875
303 0.87578125 0.74375 0.00546875 0.03203125
303 0.903125 0.74453125 0.00390625 0.03125
303 0.93046875 0.74375 0.0046875 0.0328125
303 0.69453125 0.76328125 0.00390625 0.03125
303 0.76875 0.78984375 0.00390625 0.02734375
303 0.78125 0.79375 0.00390625 0.02421875
303 0.92578125 0.83125 0.015625 0.00546875
303 0.93828125 0.82890625 0.00625 0.00546875