281 0.2921875 0.1046875 0.18515625 0.05
281 0.6015625 0.10625 0.17734375 0.04765625
281 0.24765625 0.2640625 0.06484375 0.0171875
281 0.2453125 0.3390625 0.06484375 0.0125
281 0.24375 0.4171875 0.0578125 0.01484375
281 0.2421875 0.4953125 0.06015625 0.01484375
281 0.24140625 0.5703125 0.0625 0.01484375
281 0.24140625 0.64765625 0.0625 0.0203125
281 0.39140625 0.2640625 0.05234375 0.0171875
281 0.3921875 0.3375 0.06015625 0.01484375
281 0.39140625 0.41640625 0.0578125 0.0171875
281 0.39140625 0.49375 0.0625 0.0171875
281 0.38984375 0.56875 0.0546875 0.0171875
281 0.39140625 0.64609375 0.0578125 0.0171875
281 0.55234375 0.2640625 0.06015625 0.0171875
281 0.55390625 0.3390625 0.0578125 0.0171875
281 0.55234375 0.41484375 0.06015625 0.01484375
281 0.5515625 0.49375 0.0578125 0.0171875
281 0.5515625 0.56875 0.0578125 0.0171875
281 0.55 0.64765625 0.06015625 0.0203125
281 0.7015625 0.2625 0.0578125 0.01484375
281 0.70234375 0.3390625 0.06015625 0.0171875
281 0.70234375 0.4140625 0.06015625 0.0171875
281 0.7015625 0.4953125 0.05234375 0.0203125
281 0.70390625 0.56875 0.0625 0.0171875
281 0.7 0.65 0.06015625 0.01484375