338 0.55078125 0.2609375 0.17109375 0.03125
498 0.40390625 0.49453125 0.05703125 0.01953125
337 0.4765625 0.62265625 0.040625 0.01796875
541 0.49140625 0.52421875 0.0578125 0.01171875
658 0.4921875 0.50546875 0.059375 0.01015625
541 0.51640625 0.4109375 0.040625 0.0140625
535 0.51640625 0.39765625 0.025 0.0125
536 0.51640625 0.3875 0.0203125 0.0125
535 0.23828125 0.64609375 0.03125 0.05078125
536 0.24921875 0.6390625 0.0265625 0.0484375
535 0.1765625 0.378125 0.03671875 0.0671875
536 0.18671875 0.3703125 0.0453125 0.0734375
536 0.23125 0.4015625 0.0375 0.0703125
535 0.225 0.415625 0.03046875 0.06171875
535 0.30390625 0.43984375 0.06875 0.04375
533 0.28046875 0.38203125 0.02578125 0.01875
658 0.2796875 0.35703125 0.0234375 0.015625
535 0.3046875 0.30625 0.01640625 0.0109375
536 0.31796875 0.30703125 0.01015625 0.009375
684 0.31015625 0.21171875 0.01484375 0.0078125
533 0.41015625 0.43203125 0.0234375 0.015625
337 0.25625 0.20234375 0.02421875 0.01640625
338 0.25859375 0.21640625 0.03671875 0.01015625
535 0.24375 0.18515625 0.04609375 0.015625
533 0.40625 0.6828125 0.0328125 0.04140625
535 0.0328125 0.17421875 0.0375 0.05703125
536 0.04453125 0.16796875 0.040625 0.07109375
536 0.2359375 0.29765625 0.009375 0.00859375
535 0.225 0.29453125 0.0125 0.00859375
337 0.2234375 0.28671875 0.00703125 0.00859375
533 0.615625 0.4328125 0.02265625 0.01328125
535 0.7390625 0.24609375 0.009375 0.0625
535 0.72421875 0.4296875 0.0296875 0.0578125
535 0.803125 0.5109375 0.065625 0.0546875
337 0.81484375 0.53125 0.034375 0.034375
338 0.825 0.55234375 0.05078125 0.0390625
658 0.83359375 0.565625 0.04375 0.04453125
536 0.79375 0.490625 0.05234375 0.04453125
536 0.7203125 0.4046875 0.03359375 0.07421875
536 0.7234375 0.240625 0.02734375 0.06953125
138 0.815625 0.325 0.02890625 0.028125
541 0.81796875 0.33984375 0.03046875 0.02578125
533 0.81953125 0.35859375 0.02734375 0.021875
337 0.82109375 0.4 0.0171875 0.0125
338 0.8203125 0.409375 0.03046875 0.0109375
498 0.77890625 0.35859375 0.021875 0.00859375
337 0.7734375 0.32734375 0.01328125 0.01328125
338 0.7640625 0.2890625 0.009375 0.06328125
536 0.8953125 0.33828125 0.0453125 0.059375
535 0.909375 0.35625 0.034375 0.03984375
658 0.97421875 0.34765625 0.0328125 0.0125
337 0.9578125 0.33046875 0.02734375 0.0109375
535 0.8640625 0.284375 0.0234375 0.03984375
138 0.89453125 0.4734375 0.02578125 0.01796875
541 0.89375 0.48984375 0.028125 0.01875
533 0.88984375 0.51015625 0.02265625 0.01796875
337 0.88515625 0.5546875 0.01484375 0.0140625
533 0.62578125 0.6828125 0.04375 0.03828125
533 0.603125 0.346875 0.0234375 0.015625
337 0.59921875 0.3796875 0.01484375 0.01875