400 0.509375 0.521875 0.1828125 0.0109375
401 0.38515625 0.5890625 0.034375 0.03828125
401 0.5015625 0.5859375 0.03984375 0.03515625
401 0.61796875 0.5859375 0.03671875 0.03515625
401 0.3890625 0.690625 0.0359375 0.034375
401 0.5015625 0.6890625 0.03515625 0.03671875
401 0.61484375 0.6875 0.0375 0.0328125
400 0.5078125 0.49296875 0.03515625 0.00625
401 0.68515625 0.74453125 0.02734375 0.03828125
401 0.4390625 0.8109375 0.03125 0.01328125
401 0.559375 0.8125 0.0390625 0.01328125
401 0.68359375 0.778125 0.0328125 0.021875
401 0.56171875 0.78203125 0.034375 0.0140625
401 0.67734375 0.8046875 0.034375 0.0203125
401 0.309375 0.7359375 0.025 0.03828125
401 0.434375 0.78046875 0.03828125 0.01171875
401 0.3140625 0.76953125 0.03125 0.0265625
401 0.32109375 0.796875 0.03046875 0.02265625