303 0.66015625 0.4171875 0.0109375 0.0765625
303 0.7484375 0.58671875 0.02890625 0.01796875
303 0.21328125 0.065625 0.0984375 0.02734375
303 0.42578125 0.70390625 0.0234375 0.009375
303 0.35390625 0.71875 0.0125 0.00546875
303 0.378125 0.584375 0.01328125 0.01640625
303 0.378125 0.61015625 0.0125 0.01484375
303 0.378125 0.63671875 0.0125 0.0125
303 0.37734375 0.66328125 0.0125 0.01484375
303 0.37734375 0.6890625 0.0140625 0.01328125
303 0.37578125 0.715625 0.0125 0.01328125
303 0.3765625 0.74296875 0.01171875 0.01171875
303 0.553125 0.6390625 0.01875 0.01640625
303 0.57421875 0.63828125 0.01875 0.01484375
303 0.553125 0.6734375 0.01953125 0.01640625
303 0.575 0.67265625 0.01875 0.01640625
303 0.553125 0.70703125 0.01875 0.01640625
303 0.575 0.70703125 0.01796875 0.01640625
303 0.553125 0.74140625 0.01953125 0.01484375
303 0.575 0.74140625 0.01953125 0.01484375
303 0.6 0.70546875 0.0171875 0.01015625
303 0.6359375 0.61875 0.02734375 0.01171875
303 0.6359375 0.7125 0.02578125 0.0109375
303 0.7109375 0.6015625 0.0203125 0.0078125
303 0.671875 0.653125 0.015625 0.01171875
303 0.690625 0.65546875 0.01640625 0.01171875
303 0.7078125 0.65390625 0.015625 0.01171875
303 0.72578125 0.6546875 0.015625 0.0109375
303 0.671875 0.684375 0.015625 0.0109375
303 0.690625 0.68515625 0.015625 0.0109375
303 0.7078125 0.684375 0.01484375 0.01171875
303 0.7265625 0.68515625 0.01484375 0.01171875
303 0.67265625 0.715625 0.015625 0.01171875
303 0.69140625 0.715625 0.015625 0.01328125
303 0.709375 0.71484375 0.015625 0.01171875
303 0.7265625 0.715625 0.015625 0.01015625
303 0.67421875 0.7453125 0.015625 0.009375
303 0.6875 0.74609375 0.00625 0.0109375
303 0.72734375 0.74453125 0.015625 0.01171875
303 0.79453125 0.76015625 0.0296875 0.00703125
303 0.8484375 0.76015625 0.03046875 0.00546875
303 0.7125 0.74375 0.0078125 0.00703125
303 0.9203125 0.70078125 0.03515625 0.01015625
303 0.9609375 0.665625 0.04140625 0.01640625
303 0.9171875 0.603125 0.00546875 0.0421875
303 0.953125 0.51953125 0.00859375 0.0546875
303 0.79921875 0.5734375 0.0125 0.01015625
303 0.8125 0.57421875 0.01015625 0.01015625
303 0.8234375 0.575 0.01015625 0.009375
303 0.8 0.59765625 0.0109375 0.00859375
303 0.8125 0.596875 0.0109375 0.009375
303 0.825 0.5984375 0.01015625 0.009375
303 0.8015625 0.621875 0.0109375 0.0109375
303 0.8140625 0.621875 0.01171875 0.00859375
303 0.825 0.62265625 0.01015625 0.01171875
303 0.803125 0.6453125 0.0109375 0.0078125
303 0.8140625 0.64609375 0.0109375 0.009375
303 0.8265625 0.646875 0.0109375 0.009375
303 0.80234375 0.6703125 0.0109375 0.0109375
303 0.81484375 0.6703125 0.01015625 0.01015625
303 0.8265625 0.6703125 0.009375 0.0078125
303 0.803125 0.69453125 0.0109375 0.009375
303 0.815625 0.69453125 0.0109375 0.009375
303 0.82734375 0.6953125 0.0109375 0.0109375
303 0.8046875 0.71953125 0.0109375 0.01015625
303 0.815625 0.71953125 0.0109375 0.009375
303 0.82890625 0.71875 0.0109375 0.00859375
303 0.8046875 0.74296875 0.0125 0.00859375
303 0.8171875 0.74375 0.0109375 0.0109375
303 0.82890625 0.74375 0.0125 0.0109375
303 0.84921875 0.70859375 0.0140625 0.0109375
303 0.84921875 0.7265625 0.0140625 0.009375
303 0.85 0.74375 0.01328125 0.01171875
303 0.878125 0.709375 0.0125 0.009375
303 0.87890625 0.72734375 0.0140625 0.01015625
303 0.8796875 0.74375 0.0140625 0.009375
303 0.9828125 0.68046875 0.0109375 0.009375
303 0.98359375 0.70078125 0.0109375 0.01171875
303 0.984375 0.72109375 0.0109375 0.01015625
303 0.9859375 0.74296875 0.0109375 0.01171875
303 0.99453125 0.68046875 0.0078125 0.009375
303 0.99609375 0.721875 0.00625 0.00859375
303 0.9953125 0.70078125 0.0078125 0.00859375
303 0.996875 0.7421875 0.00546875 0.01015625
303 0.6578125 0.48671875 0.0171875 0.00703125
303 0.6578125 0.51796875 0.01875 0.00625
303 0.6578125 0.5484375 0.01796875 0.00625
303 0.68046875 0.578125 0.0171875 0.0078125
303 0.68203125 0.609375 0.01640625 0.00625
303 0.68125 0.546875 0.01640625 0.0078125
303 0.68046875 0.51640625 0.015625 0.00703125
303 0.6796875 0.4859375 0.015625 0.0078125
303 0.5046875 0.51640625 0.009375 0.01171875
303 0.5046875 0.540625 0.01015625 0.01171875
303 0.5046875 0.5671875 0.0109375 0.01171875
303 0.50390625 0.590625 0.0109375 0.01171875
303 0.5046875 0.61484375 0.009375 0.01171875
303 0.5046875 0.63984375 0.009375 0.0109375
303 0.5390625 0.528125 0.0078125 0.00859375
303 0.5390625 0.5515625 0.0078125 0.01015625
303 0.5390625 0.5734375 0.00703125 0.01015625
303 0.5390625 0.596875 0.00703125 0.009375
303 0.5390625 0.61875 0.0078125 0.0078125
303 0.50703125 0.375 0.0109375 0.009375
303 0.515625 0.4875 0.0109375 0.009375
303 0.52734375 0.49140625 0.0109375 0.009375
303 0.53828125 0.49453125 0.009375 0.01171875
303 0.515625 0.45859375 0.0109375 0.01015625
303 0.5265625 0.4625 0.0109375 0.009375
303 0.5390625 0.4671875 0.0109375 0.01015625
303 0.5078125 0.43125 0.01171875 0.00703125
303 0.51875 0.4359375 0.0109375 0.0078125
303 0.53125 0.43984375 0.01015625 0.009375
303 0.50703125 0.403125 0.01015625 0.009375
303 0.51875 0.40703125 0.0109375 0.009375
303 0.53046875 0.41328125 0.0109375 0.009375
303 0.51875 0.37890625 0.0109375 0.0078125
303 0.53046875 0.38359375 0.0109375 0.0078125