491 0.0515625 0.059375 0.0609375 0.0515625
491 0.0609375 0.28203125 0.06171875 0.05625
491 0.19296875 0.028125 0.06015625 0.05625
491 0.19765625 0.240625 0.06015625 0.06328125
491 0.3359375 0.0890625 0.03828125 0.03359375
491 0.33828125 0.2734375 0.040625 0.0296875
491 0.4578125 0.146875 0.0328125 0.0296875
491 0.4546875 0.27890625 0.03515625 0.04296875
491 0.5234375 0.265625 0.03125 0.03125
491 0.528125 0.11171875 0.03125 0.04375
491 0.58359375 0.11796875 0.02890625 0.03515625
491 0.58671875 0.2546875 0.02890625 0.03515625
491 0.65078125 0.15625 0.02421875 0.03359375
491 0.64375 0.2671875 0.025 0.03359375
491 0.690625 0.12421875 0.02265625 0.028125
491 0.68828125 0.24296875 0.02265625 0.0265625
491 0.696875 0.43203125 0.021875 0.0203125
491 0.6921875 0.55625 0.02578125 0.0265625
491 0.6859375 0.6703125 0.02578125 0.03515625
491 0.64296875 0.69140625 0.02578125 0.03828125
491 0.64765625 0.56015625 0.02578125 0.03828125
491 0.57421875 0.703125 0.0296875 0.04140625
491 0.5203125 0.73125 0.0328125 0.05
491 0.521875 0.54375 0.034375 0.046875
491 0.446875 0.68203125 0.03671875 0.053125
491 0.4421875 0.82421875 0.0359375 0.05703125
491 0.41484375 0.490625 0.03125 0.03125
491 0.7234375 0.28046875 0.0171875 0.021875
491 0.84140625 0.3890625 0.01875 0.025
491 0.8015625 0.534375 0.01875 0.01875
491 0.78671875 0.62421875 0.0203125 0.03125
491 0.78671875 0.24921875 0.01875 0.025
491 0.7890625 0.1609375 0.0203125 0.025
491 0.83046875 0.13046875 0.0171875 0.025
491 0.82265625 0.2359375 0.01875 0.01875
491 0.3453125 0.675 0.04375 0.04375
491 0.346875 0.84921875 0.04375 0.0484375
491 0.24921875 0.65859375 0.05 0.06484375
491 0.26171875 0.88125 0.05078125 0.06875
491 0.1046875 0.95234375 0.071875 0.08984375
491 0.10234375 0.715625 0.07421875 0.08125