401 0.33515625 0.428125 0.03515625 0.0421875
401 0.24609375 0.421875 0.0328125 0.03984375
401 0.56875 0.42890625 0.0375 0.03984375
401 0.77421875 0.41875 0.0296875 0.040625
401 0.2109375 0.63203125 0.04296875 0.0453125
401 0.32421875 0.67109375 0.04375 0.04140625
401 0.4390625 0.703125 0.04609375 0.0390625
401 0.17890625 0.73828125 0.040625 0.03984375
401 0.28984375 0.771875 0.04140625 0.03984375
401 0.4015625 0.80625 0.0453125 0.040625
401 0.33125 0.546875 0.0359375 0.04296875
401 0.4453125 0.55078125 0.03984375 0.03984375
401 0.56328125 0.54921875 0.03828125 0.0421875
401 0.67421875 0.54453125 0.03515625 0.040625
401 0.7734375 0.5359375 0.03125 0.0421875
401 0.55703125 0.66640625 0.03515625 0.0421875
401 0.66796875 0.659375 0.034375 0.040625
401 0.771875 0.6515625 0.03359375 0.0421875
401 0.55078125 0.7765625 0.0359375 0.03671875
401 0.66171875 0.77109375 0.03828125 0.03671875
401 0.76328125 0.7609375 0.0328125 0.03828125
401 0.25078125 0.5328125 0.02265625 0.040625