500 0.21640625 0.85078125 0.27265625 0.278125
500 0.58359375 0.74453125 0.14921875 0.1875
500 0.73125 0.65390625 0.11640625 0.1296875
500 0.83359375 0.60546875 0.08515625 0.096875
500 0.9171875 0.55 0.03125 0.05859375
499 0.18515625 0.3578125 0.33828125 0.65078125
499 0.55703125 0.3984375 0.1796875 0.459375
499 0.71015625 0.38828125 0.1328125 0.33671875
499 0.82109375 0.39453125 0.0890625 0.278125
499 0.8828125 0.4015625 0.03828125 0.2265625
499 0.91328125 0.4015625 0.03125 0.20078125
499 0.95390625 0.403125 0.034375 0.178125
499 0.98203125 0.39453125 0.02890625 0.16796875