469 0.2546875 0.45 0.1796875 0.0609375
469 0.746875 0.5890625 0.1390625 0.1
469 0.85390625 0.453125 0.16328125 0.04296875
469 0.66796875 0.3359375 0.06875 0.0359375
469 0.175 0.3859375 0.1609375 0.0234375
469 0.28515625 0.5984375 0.1765625 0.04140625
469 0.19921875 0.68125 0.1125 0.0109375
469 0.19140625 0.7203125 0.1890625 0.04375
469 0.63359375 0.778125 0.19296875 0.07578125
469 0.39296875 0.796875 0.0875 0.10546875
469 0.59375 0.73671875 0.11640625 0.03203125
469 0.0578125 0.5390625 0.08203125 0.06640625
469 0.625 0.5609375 0.03203125 0.03125
469 0.5609375 0.57265625 0.04765625 0.046875