102 0.48125 0.28125 0.08359375 0.0578125
101 0.41640625 0.27421875 0.034375 0.0625
591 0.65 0.27890625 0.05703125 0.04375
591 0.44296875 0.334375 0.034375 0.034375
591 0.53828125 0.34375 0.03125 0.03046875
591 0.32890625 0.3265625 0.046875 0.03671875
102 0.6671875 0.334375 0.04375 0.02109375
102 0.80234375 0.3203125 0.05234375 0.03046875
102 0.9546875 0.3046875 0.059375 0.03046875
102 0.61875 0.675 0.140625 0.04375
101 0.63515625 0.33828125 0.01015625 0.0234375
101 0.7671875 0.32421875 0.0171875 0.03203125
101 0.91484375 0.30703125 0.02109375 0.03046875
554 0.228125 0.24453125 0.10234375 0.0625
554 0.18046875 0.3171875 0.06953125 0.03671875
554 0.90078125 0.2421875 0.10078125 0.034375