538 0.0875 0.12578125 0.10390625 0.05703125
538 0.08984375 0.33984375 0.103125 0.05
538 0.090625 0.5546875 0.10390625 0.04765625
538 0.0921875 0.7703125 0.10546875 0.04765625
538 0.09453125 0.97890625 0.10390625 0.03828125
538 0.43984375 0.1578125 0.09765625 0.059375
538 0.43984375 0.36875 0.09453125 0.0453125
538 0.446875 0.575 0.08671875 0.05
538 0.44296875 0.97890625 0.0921875 0.03828125
539 0.50390625 0.371875 0.03046875 0.04765625
539 0.50390625 0.15859375 0.0328125 0.05703125
539 0.50625 0.97734375 0.034375 0.040625
539 0.1625 0.76875 0.0359375 0.059375
539 0.15859375 0.34140625 0.0328125 0.05234375
539 0.1578125 0.1265625 0.034375 0.059375
539 0.165625 0.97265625 0.0359375 0.05
539 0.15625 0.55703125 0.03046875 0.05234375
538 0.76484375 0.18828125 0.090625 0.0546875
538 0.91875 0.20625 0.0828125 0.04765625
538 0.91640625 0.40390625 0.08828125 0.0546875
538 0.91796875 0.5984375 0.0828125 0.0453125
538 0.91640625 0.79609375 0.08828125 0.04296875
538 0.9140625 0.98125 0.084375 0.028125
539 0.97421875 0.79296875 0.02734375 0.05
539 0.975 0.6015625 0.02890625 0.05234375
539 0.97421875 0.4015625 0.03046875 0.0546875
539 0.9765625 0.20625 0.025 0.04765625
539 0.97578125 0.01875 0.0296875 0.0375
539 0.82578125 0.19296875 0.03046875 0.05
539 0.82265625 0.39453125 0.02734375 0.05