357 0.0921875 0.0375 0.05390625 0.02734375
357 0.25625 0.03125 0.06015625 0.03203125
357 0.040625 0.2625 0.08125 0.04375
357 0.4265625 0.0265625 0.06015625 0.03203125
357 0.61640625 0.01875 0.06484375 0.03515625
357 0.7859375 0.02578125 0.0609375 0.03046875
357 0.95390625 0.03046875 0.06015625 0.03046875
357 0.58125 0.7515625 0.0625 0.02734375
357 0.7703125 0.73671875 0.06640625 0.03359375
357 0.928125 0.7390625 0.05859375 0.03046875
357 0.409375 0.74765625 0.0609375 0.03203125
357 0.3703125 0.98203125 0.06640625 0.03046875