535 0.778125 0.075 0.0953125 0.08125
536 0.86015625 0.0890625 0.0671875 0.071875
337 0.88125 0.290625 0.03515625 0.05
338 0.878125 0.3359375 0.059375 0.028125
658 0.928125 0.2796875 0.02890625 0.034375
279 0.9671875 0.28125 0.028125 0.03125
541 0.778125 0.271875 0.040625 0.025
138 0.7203125 0.26875 0.03359375 0.03125
508 0.75625 0.7328125 0.0640625 0.065625
508 0.01953125 0.6328125 0.03828125 0.053125
658 0.05546875 0.4171875 0.08046875 0.071875
337 0.01640625 0.3296875 0.028125 0.053125
338 0.06328125 0.340625 0.06875 0.0375
338 0.09765625 0.2578125 0.1046875 0.084375
535 0.44921875 0.053125 0.12890625 0.10625
536 0.565625 0.0578125 0.09453125 0.096875
541 0.240625 0.5015625 0.0671875 0.071875
536 0.2765625 0.36875 0.18828125 0.2
279 0.42265625 0.48125 0.059375 0.05
337 0.3859375 0.6625 0.090625 0.10625
338 0.3953125 0.7234375 0.1421875 0.084375
658 0.91875 0.9375 0.11875 0.075
337 0.9625 0.7921875 0.05 0.053125
536 0.84609375 0.575 0.06171875 0.0875
536 0.59921875 0.4515625 0.02421875 0.065625