376 0.090625 0.15546875 0.0359375 0.02421875
376 0.2140625 0.15078125 0.040625 0.021875
376 0.08515625 0.01015625 0.0265625 0.01328125
376 0.35 0.1421875 0.04140625 0.01953125
376 0.50546875 0.090625 0.04375 0.02265625
376 0.64140625 0.090625 0.04765625 0.03046875
376 0.7671875 0.084375 0.04609375 0.025
376 0.91953125 0.09296875 0.046875 0.02265625
376 0.1375 0.4640625 0.03671875 0.02265625
376 0.3984375 0.46171875 0.04609375 0.025
376 0.56171875 0.4109375 0.040625 0.01953125
376 0.75625 0.38984375 0.06953125 0.03203125
376 0.37578125 0.29453125 0.06484375 0.01796875
376 0.775 0.64453125 0.034375 0.0140625
376 0.8 0.728125 0.03671875 0.01015625
376 0.82734375 0.82734375 0.0359375 0.0171875
376 0.85 0.93359375 0.03671875 0.015625
376 0.67890625 0.58984375 0.02890625 0.01328125
376 0.5921875 0.8640625 0.04453125 0.0234375
376 0.5859375 0.75859375 0.04375 0.01875
376 0.571875 0.66953125 0.0328125 0.0125
376 0.5609375 0.6046875 0.02734375 0.01484375
376 0.4640625 0.60546875 0.02578125 0.01015625
376 0.4640625 0.6734375 0.03828125 0.01171875
376 0.47109375 0.76328125 0.04296875 0.01328125
376 0.453125 0.86953125 0.0453125 0.0171875
376 0.3609375 0.60546875 0.03125 0.0125
376 0.3515625 0.67734375 0.03671875 0.01171875
376 0.35078125 0.76171875 0.04140625 0.0171875
376 0.3234375 0.8734375 0.046875 0.01875
376 0.19296875 0.871875 0.0484375 0.01953125
376 0.221875 0.7765625 0.0421875 0.01875
376 0.2390625 0.68203125 0.0390625 0.0125
376 0.15234375 0.621875 0.03046875 0.0125
376 0.12421875 0.69296875 0.03359375 0.01328125
376 0.10390625 0.7703125 0.04140625 0.0140625
376 0.06015625 0.87421875 0.04453125 0.01953125
376 0.0296875 0.68203125 0.034375 0.01484375
376 0.26015625 0.61015625 0.02421875 0.01328125
376 0.0671875 0.6140625 0.0296875 0.01015625