401 0.44296875 0.5171875 0.0328125 0.03828125
401 0.34296875 0.53125 0.03515625 0.03671875
401 0.534375 0.5015625 0.03046875 0.0375
401 0.625 0.484375 0.0296875 0.03828125
401 0.71328125 0.46875 0.028125 0.0390625
401 0.2703125 0.5125 0.0203125 0.0390625
401 0.2125 0.48046875 0.01640625 0.03984375
401 0.21171875 0.58046875 0.01484375 0.03828125
401 0.2125 0.68203125 0.01328125 0.03828125
401 0.26953125 0.6171875 0.015625 0.040625
401 0.26875 0.721875 0.0203125 0.04140625
401 0.34453125 0.63828125 0.03046875 0.03828125
401 0.346875 0.74375 0.03125 0.03671875
401 0.44140625 0.621875 0.03125 0.040625
401 0.53515625 0.603125 0.02890625 0.03828125
401 0.6265625 0.5859375 0.0265625 0.0390625
401 0.7109375 0.56796875 0.02734375 0.03984375
401 0.79140625 0.55078125 0.02265625 0.03984375
401 0.790625 0.4515625 0.025 0.03671875
401 0.44296875 0.72578125 0.03046875 0.0390625
401 0.5359375 0.70546875 0.0296875 0.03828125
401 0.62421875 0.68671875 0.02734375 0.0375
401 0.71015625 0.66796875 0.03125 0.03984375
401 0.79140625 0.64921875 0.02265625 0.03828125
401 0.3890625 0.36953125 0.03828125 0.01484375
401 0.57109375 0.334375 0.03984375 0.015625